R0,3173616.125368,0.041792,3173616.125419,3173616.167231
R1,3173616.387363,0.133472,3173616.387438,3173616.520923
R2,3173616.605705,0.018341,3173616.605768,3173616.624119
R3,3173616.952344,0.121834,3173616.952414,3173617.074259
R4,3173617.010680,0.067281,3173617.074265,3173617.141551
R5,3173617.057175,0.082600,3173617.141555,3173617.224159
R6,3173617.149886,0.060026,3173617.224162,3173617.284190
R7,3173617.214720,0.206605,3173617.284193,3173617.490801
R8,3173617.649206,0.105280,3173617.649269,3173617.754560
R9,3173617.793471,0.077822,3173617.793533,3173617.871364
R10,3173617.815297,0.023187,3173617.871370,3173617.894561
R11,3173617.817651,0.135879,3173617.894565,3173618.030447
R12,3173617.838744,0.042700,3173618.030450,3173618.073153
R13,3173617.863094,0.009600,3173618.073157,3173618.082760
R14,3173617.882961,0.020519,3173618.082763,3173618.103285
R15,3173618.859394,0.152254,3173618.859460,3173619.011726
R16,3173618.962166,0.029252,3173619.011732,3173619.040988
R17,3173619.097658,0.061912,3173619.097722,3173619.159644
R18,3173619.242647,0.300302,3173619.242711,3173619.543023
R19,3173619.339853,0.122966,3173619.543029,3173619.665999
R20,3173619.389293,0.122442,3173619.666003,3173619.788447
R21,3173619.496173,0.185106,3173619.788450,3173619.973559
R22,3173619.569209,0.036214,3173619.973562,3173620.009779
R23,3173619.616804,0.209469,3173620.009782,3173620.219256
R24,3173619.852356,0.248530,3173620.219258,3173620.467791
R25,3173619.862692,0.007499,3173620.467794,3173620.475296
R26,3173619.969346,0.090695,3173620.475299,3173620.565998
R27,3173619.999846,0.035757,3173620.566002,3173620.601762
R28,3173620.315479,0.001686,3173620.601765,3173620.603454
R29,3173620.324960,0.005431,3173620.603456,3173620.608890
R30,3173620.412383,0.293994,3173620.608893,3173620.902890
R31,3173620.451271,0.158606,3173620.902893,3173621.061504
R32,3173620.783407,0.064667,3173621.061507,3173621.126178
R33,3173620.827720,0.119013,3173621.126181,3173621.245197
R34,3173620.894917,0.091816,3173621.245200,3173621.337018
R35,3173620.997573,0.003339,3173621.337022,3173621.340365
R36,3173621.105931,0.223819,3173621.340368,3173621.564190
R37,3173621.188167,0.106364,3173621.564193,3173621.670560
R38,3173621.569730,0.111788,3173621.670562,3173621.782354
R39,3173621.617520,0.036419,3173621.782357,3173621.818779
R40,3173621.763468,0.015124,3173621.818782,3173621.833909
R41,3173621.929804,0.176741,3173621.929867,3173622.106619
R42,3173622.012668,0.033415,3173622.106625,3173622.140044
R43,3173622.265140,0.186534,3173622.265203,3173622.451749
R44,3173622.302293,0.096708,3173622.451754,3173622.548467
R45,3173622.363919,0.074024,3173622.548470,3173622.622497
R46,3173622.811678,0.163059,3173622.811742,3173622.974811
R47,3173622.964672,0.214719,3173622.974817,3173623.189541
R48,3173623.047398,0.140512,3173623.189544,3173623.330061
R49,3173623.120006,0.201567,3173623.330064,3173623.531634
R50,3173623.284685,0.020260,3173623.531637,3173623.551898
R51,3173623.378796,0.210611,3173623.551901,3173623.762517
R52,3173623.807488,0.177430,3173623.807553,3173623.984994
R53,3173623.830319,0.047129,3173623.985000,3173624.032134
R54,3173623.976708,0.027498,3173624.032137,3173624.059639
R55,3173624.114790,0.030616,3173624.114852,3173624.145480
R56,3173624.335051,0.021360,3173624.335117,3173624.356484
R57,3173624.419694,0.026941,3173624.419772,3173624.446724
R58,3173624.449368,0.044893,3173624.449430,3173624.494331
R59,3173624.565506,0.197754,3173624.565572,3173624.763337
R60,3173624.592064,0.011230,3173624.763343,3173624.774577
R61,3173624.607626,0.119092,3173624.774580,3173624.893675
R62,3173624.705357,0.227786,3173624.893678,3173625.121468
R63,3173625.302976,0.040266,3173625.303039,3173625.343312
R64,3173625.467757,0.038326,3173625.467821,3173625.506159
R65,3173625.665675,0.022026,3173625.665756,3173625.687797
R66,3173625.715454,0.023355,3173625.715517,3173625.738880
R67,3173625.840924,0.109777,3173625.840989,3173625.950774
R68,3173625.864549,0.131443,3173625.950780,3173626.082226
R69,3173625.883707,0.113898,3173626.082229,3173626.196133
R70,3173625.909320,0.249818,3173626.196136,3173626.445957
R71,3173625.920391,0.061436,3173626.445960,3173626.507399
R72,3173625.928105,0.022877,3173626.507402,3173626.530280
R73,3173625.955802,0.109934,3173626.530282,3173626.640219
R74,3173626.184162,0.285300,3173626.640222,3173626.925525
R75,3173626.336848,0.118834,3173626.925528,3173627.044366
R76,3173626.482589,0.012076,3173627.044368,3173627.056448
R77,3173626.496616,0.006788,3173627.056451,3173627.063242
R78,3173626.601537,0.019082,3173627.063245,3173627.082329
R79,3173626.611894,0.142751,3173627.082332,3173627.225087
R80,3173626.700301,0.117406,3173627.225089,3173627.342498
R81,3173626.821981,0.014312,3173627.342501,3173627.356816
R82,3173626.829606,0.019047,3173627.356819,3173627.375870
R83,3173628.537427,0.011172,3173628.537523,3173628.548721
R84,3173628.852703,0.004631,3173628.852773,3173628.857426
R85,3173629.726830,0.006256,3173629.726904,3173629.733188
R86,3173630.018892,0.213737,3173630.018967,3173630.232712
R87,3173630.019493,0.016575,3173630.232718,3173630.249300
R88,3173630.148232,0.041423,3173630.249303,3173630.290731
R89,3173630.173679,0.142759,3173630.290736,3173630.433500
R90,3173630.522564,0.067004,3173630.522627,3173630.589642
R91,3173630.586125,0.050211,3173630.589649,3173630.639864
R92,3173630.709866,0.008747,3173630.709930,3173630.718691
R93,3173630.875985,0.117992,3173630.876050,3173630.994050
R94,3173630.984098,0.404774,3173630.994057,3173631.398834
R95,3173631.035937,0.175048,3173631.398838,3173631.573891
R96,3173631.158844,0.082609,3173631.573894,3173631.656507
R97,3173631.355646,0.114795,3173631.656510,3173631.771309
R98,3173631.360804,0.216275,3173631.771311,3173631.987590
R99,3173631.616694,0.148173,3173631.987593,3173632.135771
R100,3173631.911801,0.113487,3173632.135774,3173632.249263
R101,3173632.466681,0.342518,3173632.466748,3173632.809277
R102,3173632.800521,0.057307,3173632.809284,3173632.866593
R103,3173632.957566,0.147669,3173632.957629,3173633.105308
R104,3173632.983156,0.006677,3173633.105315,3173633.111996
R105,3173633.297126,0.023756,3173633.297190,3173633.320957
R106,3173633.446988,0.021687,3173633.447067,3173633.468766
R107,3173633.588829,0.031755,3173633.588891,3173633.620658
R108,3173633.761126,0.021935,3173633.761189,3173633.783135
R109,3173633.818082,0.083549,3173633.818146,3173633.901704
R110,3173633.829096,0.087755,3173633.901710,3173633.989471
R111,3173633.865265,0.296387,3173633.989474,3173634.285865
R112,3173633.967379,0.065824,3173634.285868,3173634.351695
R113,3173634.014321,0.010019,3173634.351699,3173634.361718
R114,3173634.195808,0.074818,3173634.361721,3173634.436542
R115,3173634.286912,0.049959,3173634.436545,3173634.486507
R116,3173634.699506,0.156817,3173634.699568,3173634.856396
R117,3173634.758085,0.000270,3173634.856402,3173634.856675
R118,3173634.839529,0.076042,3173634.856678,3173634.932725
R119,3173634.899969,0.022203,3173634.932728,3173634.954934
R120,3173635.155864,0.054968,3173635.155929,3173635.210909
R121,3173635.316642,0.030315,3173635.316706,3173635.347032
R122,3173635.410599,0.016798,3173635.410664,3173635.427473
R123,3173635.588475,0.003477,3173635.588539,3173635.592047
R124,3173635.727394,0.099223,3173635.727479,3173635.826713
R125,3173635.803744,0.084593,3173635.826719,3173635.911317
R126,3173635.963844,0.017009,3173635.963923,3173635.980943
R127,3173636.024759,0.082217,3173636.024820,3173636.107047
R128,3173636.158953,0.033171,3173636.159016,3173636.192198
R129,3173636.346393,0.018826,3173636.346458,3173636.365297
R130,3173636.539078,0.096201,3173636.539142,3173636.635353
R131,3173636.901543,0.024785,3173636.901610,3173636.926405
R132,3173637.052807,0.007644,3173637.052871,3173637.060532
R133,3173637.161417,0.174891,3173637.161504,3173637.336409
R134,3173637.204533,0.008202,3173637.336417,3173637.344622
R135,3173637.370076,0.037399,3173637.370141,3173637.407549
R136,3173637.386935,0.074955,3173637.407556,3173637.482515
R137,3173637.509748,0.028398,3173637.509813,3173637.538220
R138,3173637.666650,0.028351,3173637.666718,3173637.695081
R139,3173637.880237,0.017534,3173637.880300,3173637.897847
R140,3173637.937377,0.000299,3173637.937442,3173637.937754
R141,3173638.531401,0.033557,3173638.531489,3173638.565059
R142,3173638.782368,0.047799,3173638.782438,3173638.830248
R143,3173638.812159,0.209371,3173638.830254,3173639.039630
R144,3173639.267215,0.100075,3173639.267279,3173639.367365
R145,3173639.474024,0.096473,3173639.474089,3173639.570574
R146,3173639.492478,0.124036,3173639.570580,3173639.694621
R147,3173639.561660,0.206683,3173639.694625,3173639.901312
R148,3173639.971038,0.018966,3173639.971104,3173639.990082
R149,3173640.253887,0.066181,3173640.253955,3173640.320147
R150,3173640.479352,0.196097,3173640.479418,3173640.675527
R151,3173640.529760,0.172609,3173640.675533,3173640.848146
R152,3173640.873193,0.071541,3173640.873255,3173640.944805
R153,3173640.971691,0.026674,3173640.971755,3173640.998437
R154,3173640.997075,0.056505,3173640.998443,3173641.054952
R155,3173641.282705,0.157508,3173641.282771,3173641.440290
R156,3173641.371710,0.028665,3173641.440296,3173641.468965
R157,3173641.469592,0.096048,3173641.469598,3173641.565649
R158,3173641.498022,0.012477,3173641.565652,3173641.578130
R159,3173641.683785,0.056509,3173641.683853,3173641.740373
R160,3173641.815805,0.107356,3173641.815872,3173641.923236
R161,3173642.075953,0.020915,3173642.076017,3173642.096943
R162,3173642.103997,0.010772,3173642.104060,3173642.114842
R163,3173642.202605,0.037248,3173642.202673,3173642.239933
R164,3173642.223865,0.223892,3173642.239939,3173642.463834
R165,3173642.279977,0.081093,3173642.463838,3173642.544934
R166,3173642.621588,0.142038,3173642.621652,3173642.763697
R167,3173642.880587,0.033994,3173642.880651,3173642.914656
R168,3173642.978498,0.089615,3173642.978560,3173643.068185
R169,3173643.050135,0.024969,3173643.068192,3173643.093164
R170,3173643.184247,0.006276,3173643.184313,3173643.190608
R171,3173643.207677,0.086823,3173643.207751,3173643.294582
R172,3173643.223985,0.028338,3173643.294588,3173643.322928
R173,3173643.288550,0.007964,3173643.322931,3173643.330896
R174,3173643.346062,0.227135,3173643.346126,3173643.573270
R175,3173643.425702,0.025709,3173643.573276,3173643.598986
R176,3173643.550856,0.119546,3173643.598990,3173643.718540
R177,3173643.704452,0.014259,3173643.718544,3173643.732806
R178,3173643.799930,0.081884,3173643.799995,3173643.881890
R179,3173644.106493,0.019416,3173644.106560,3173644.125988
R180,3173644.210674,0.046289,3173644.210737,3173644.257038
R181,3173644.327174,0.041793,3173644.327238,3173644.369043
R182,3173644.580267,0.032879,3173644.580330,3173644.613220
R183,3173644.620294,0.084827,3173644.620358,3173644.705194
R184,3173644.807009,0.034405,3173644.807075,3173644.841488
R185,3173645.405501,0.012189,3173645.405567,3173645.417768
R186,3173645.731004,0.000452,3173645.731087,3173645.731557
R187,3173645.806576,0.124078,3173645.806648,3173645.930736
R188,3173646.025032,0.010149,3173646.025097,3173646.035257
R189,3173646.074707,0.106380,3173646.074771,3173646.181159
R190,3173646.361348,0.049684,3173646.361413,3173646.411108
R191,3173646.368555,0.102558,3173646.411114,3173646.513676
R192,3173646.983225,0.053521,3173646.983295,3173647.036830
R193,3173647.017073,0.008219,3173647.036837,3173647.045061
R194,3173647.303340,0.040226,3173647.303406,3173647.343644
R195,3173647.318327,0.089198,3173647.343650,3173647.432851
R196,3173647.369644,0.011768,3173647.432854,3173647.444624
R197,3173647.606216,0.004575,3173647.606287,3173647.610884
R198,3173647.613777,0.126507,3173647.613846,3173647.740362
R199,3173647.701205,0.048700,3173647.740369,3173647.789073
R200,3173647.869484,0.074226,3173647.869545,3173647.943782
R201,3173647.887607,0.062901,3173647.943789,3173648.006694
R202,3173648.011075,0.037441,3173648.011138,3173648.048589
R203,3173648.140219,0.182978,3173648.140287,3173648.323276
R204,3173648.192056,0.015509,3173648.323282,3173648.338794
R205,3173648.284543,0.062168,3173648.338798,3173648.400970
R206,3173648.418966,0.075569,3173648.419047,3173648.494624
R207,3173648.556793,0.147569,3173648.556866,3173648.704443
R208,3173648.594816,0.008672,3173648.704449,3173648.713124
R209,3173648.605201,0.015492,3173648.713128,3173648.728623
R210,3173648.972842,0.021294,3173648.972908,3173648.994216
R211,3173649.066746,0.028638,3173649.066809,3173649.095459
R212,3173649.317200,0.175501,3173649.317271,3173649.492784
R213,3173649.380336,0.140575,3173649.492790,3173649.633371
R214,3173649.440624,0.003084,3173649.633374,3173649.636461
R215,3173649.594387,0.125520,3173649.636464,3173649.761987
R216,3173649.636921,0.150710,3173649.761990,3173649.912702
R217,3173649.777414,0.020813,3173649.912705,3173649.933519
R218,3173649.830048,0.078991,3173649.933522,3173650.012517
R219,3173649.861580,0.093560,3173650.012520,3173650.106084
R220,3173649.878190,0.105920,3173650.106087,3173650.212010
R221,3173650.095977,0.042734,3173650.212013,3173650.254749
R222,3173650.127923,0.047431,3173650.254752,3173650.302186
R223,3173650.182114,0.040613,3173650.302188,3173650.342803
R224,3173650.219643,0.014008,3173650.342806,3173650.356815
R225,3173650.328377,0.001224,3173650.356818,3173650.358042
R226,3173650.444179,0.040128,3173650.444241,3173650.484379
R227,3173650.512525,0.111429,3173650.512589,3173650.624027
R228,3173650.564591,0.087404,3173650.624033,3173650.711440
R229,3173650.607698,0.210052,3173650.711443,3173650.921498
R230,3173650.722513,0.138300,3173650.921501,3173651.059804
R231,3173650.887993,0.031158,3173651.059808,3173651.090968
R232,3173651.058973,0.000502,3173651.090971,3173651.091475
R233,3173651.207285,0.154777,3173651.207357,3173651.362144
R234,3173651.316054,0.085763,3173651.362150,3173651.447918
R235,3173651.453702,0.042667,3173651.453764,3173651.496440
R236,3173651.558120,0.105744,3173651.558195,3173651.663947
R237,3173651.622363,0.094385,3173651.663953,3173651.758341
R238,3173651.853649,0.002787,3173651.853712,3173651.856513
R239,3173651.877356,0.096456,3173651.877422,3173651.973887
R240,3173651.886743,0.080404,3173651.973893,3173652.054301
R241,3173651.916430,0.069912,3173652.054304,3173652.124219
R242,3173652.088573,0.000477,3173652.124222,3173652.124700
R243,3173652.088741,0.025269,3173652.124703,3173652.149973
R244,3173652.140774,0.162400,3173652.149976,3173652.312380
R245,3173652.292964,0.034797,3173652.312383,3173652.347184
R246,3173652.321522,0.176004,3173652.347187,3173652.523193
R247,3173652.478761,0.031313,3173652.523196,3173652.554512
R248,3173652.630096,0.017177,3173652.630164,3173652.647350
R249,3173652.939095,0.058341,3173652.939165,3173652.997516
R250,3173652.963523,0.093829,3173652.997523,3173653.091354
R251,3173653.215789,0.017675,3173653.215856,3173653.233542
R252,3173653.550821,0.102034,3173653.550888,3173653.652933
R253,3173653.622504,0.066062,3173653.652940,3173653.719005
R254,3173653.912793,0.224617,3173653.912857,3173654.137483
R255,3173654.104668,0.217625,3173654.137490,3173654.355119
R256,3173654.142592,0.225779,3173654.355122,3173654.580905
R257,3173654.257129,0.067019,3173654.580908,3173654.647930
R258,3173654.354567,0.133972,3173654.647933,3173654.781910
R259,3173654.754431,0.075219,3173654.781913,3173654.857135
R260,3173654.994830,0.446682,3173654.994892,3173655.441584
R261,3173655.147780,0.032697,3173655.441591,3173655.474291
R262,3173655.540152,0.074129,3173655.540217,3173655.614356
R263,3173655.836435,0.118692,3173655.836502,3173655.955205
R264,3173655.981510,0.132026,3173655.981573,3173656.113607
R265,3173656.194880,0.077275,3173656.194946,3173656.272231
R266,3173656.238440,0.015222,3173656.272238,3173656.287464
R267,3173656.329295,0.166926,3173656.329357,3173656.496294
R268,3173656.556034,0.090990,3173656.556100,3173656.647100
R269,3173656.850860,0.078892,3173656.850925,3173656.929828
R270,3173656.926845,0.086444,3173656.929834,3173657.016283
R271,3173657.056647,0.013381,3173657.056696,3173657.070089
R272,3173657.167138,0.002793,3173657.167200,3173657.170009
R273,3173657.290739,0.060844,3173657.290810,3173657.351664
R274,3173657.463178,0.060309,3173657.463242,3173657.523562
R275,3173657.718531,0.056081,3173657.718595,3173657.774687
R276,3173657.735610,0.004143,3173657.774693,3173657.778839
R277,3173657.837625,0.040465,3173657.837689,3173657.878165
R278,3173658.078188,0.050142,3173658.078251,3173658.128401
R279,3173658.223218,0.044405,3173658.223281,3173658.267698
R280,3173658.245434,0.043514,3173658.267704,3173658.311224
R281,3173658.285973,0.105368,3173658.311227,3173658.416599
R282,3173658.288495,0.139697,3173658.416602,3173658.556304
R283,3173658.410308,0.049328,3173658.556307,3173658.605638
R284,3173658.535162,0.444320,3173658.605641,3173659.049965
R285,3173658.627862,0.006430,3173659.049969,3173659.056400
R286,3173658.636512,0.075793,3173659.056402,3173659.132199
R287,3173658.782771,0.020682,3173659.132201,3173659.152886
R288,3173658.818749,0.214219,3173659.152889,3173659.367111
R289,3173658.960886,0.051790,3173659.367113,3173659.418907
R290,3173659.152203,0.158420,3173659.418910,3173659.577333
R291,3173659.234673,0.247849,3173659.577336,3173659.825189
R292,3173659.670457,0.121398,3173659.825192,3173659.946593
R293,3173659.998105,0.064123,3173659.998170,3173660.062303
R294,3173660.056098,0.054102,3173660.062309,3173660.116415
R295,3173660.091441,0.052306,3173660.116418,3173660.168729
R296,3173660.518896,0.284973,3173660.518983,3173660.803969
R297,3173660.827032,0.051047,3173660.827096,3173660.878151
R298,3173660.856046,0.121196,3173660.878157,3173660.999359
R299,3173661.072501,0.024821,3173661.072564,3173661.097396
R300,3173661.408447,0.275881,3173661.408515,3173661.684407
R301,3173661.613290,0.042900,3173661.684413,3173661.727317
R302,3173661.670900,0.067370,3173661.727320,3173661.794694
R303,3173661.788445,0.017666,3173661.794697,3173661.812366
R304,3173661.927493,0.037204,3173661.927557,3173661.964773
R305,3173662.020357,0.206932,3173662.020420,3173662.227362
R306,3173662.171930,0.077732,3173662.227367,3173662.305103
R307,3173662.205736,0.009690,3173662.305106,3173662.314800
R308,3173662.492270,0.018491,3173662.492332,3173662.510835
R309,3173662.559090,0.074849,3173662.559151,3173662.634012
R310,3173662.707656,0.075599,3173662.707721,3173662.783331
R311,3173662.868909,0.068580,3173662.868974,3173662.937565
R312,3173662.877582,0.023158,3173662.937571,3173662.960734
R313,3173662.996050,0.035113,3173662.996110,3173663.031232
R314,3173662.998784,0.214415,3173663.031238,3173663.245658
R315,3173663.000092,0.122722,3173663.245662,3173663.368387
R316,3173663.131507,0.225595,3173663.368390,3173663.593988
R317,3173663.443243,0.049514,3173663.593991,3173663.643509
R318,3173663.470397,0.132156,3173663.643512,3173663.775671
R319,3173663.565958,0.281006,3173663.775674,3173664.056685
R320,3173663.711521,0.028881,3173664.056688,3173664.085572
R321,3173663.735643,0.037979,3173664.085575,3173664.123557
R322,3173664.041191,0.114741,3173664.123560,3173664.238304
R323,3173664.369327,0.026568,3173664.369393,3173664.395972
R324,3173664.461603,0.010873,3173664.461667,3173664.472558
R325,3173664.880280,0.081336,3173664.880354,3173664.961701
R326,3173665.167076,0.215346,3173665.167086,3173665.382443
R327,3173665.348257,0.027640,3173665.382449,3173665.410094
R328,3173665.377324,0.018906,3173665.410097,3173665.429004
R329,3173665.403462,0.016156,3173665.429007,3173665.445163
R330,3173665.544015,0.021516,3173665.544080,3173665.565607
R331,3173665.563369,0.001164,3173665.565613,3173665.566780
R332,3173665.982808,0.010652,3173665.982882,3173665.993558
R333,3173666.007862,0.087139,3173666.007928,3173666.095077
R334,3173666.096384,0.008859,3173666.096446,3173666.105314
R335,3173666.448919,0.006097,3173666.448995,3173666.455119
R336,3173666.584998,0.057170,3173666.585073,3173666.642253
R337,3173666.656499,0.028915,3173666.656563,3173666.685486
R338,3173666.738469,0.202906,3173666.738533,3173666.941450
R339,3173666.778447,0.017633,3173666.941456,3173666.959093
R340,3173666.897749,0.047113,3173666.959096,3173667.006213
R341,3173666.902803,0.116660,3173667.006216,3173667.122880
R342,3173667.143022,0.516639,3173667.143089,3173667.659738
R343,3173667.205977,0.061782,3173667.659744,3173667.721530
R344,3173667.211171,0.090341,3173667.721533,3173667.811877
R345,3173667.243224,0.033077,3173667.811880,3173667.844959
R346,3173667.415124,0.086706,3173667.844961,3173667.931671
R347,3173667.729608,0.004289,3173667.931673,3173667.935964
R348,3173667.789296,0.135519,3173667.935968,3173668.071489
R349,3173667.997221,0.095455,3173668.071493,3173668.166952
R350,3173668.168611,0.031278,3173668.168675,3173668.199961
R351,3173668.503669,0.029477,3173668.503744,3173668.533233
R352,3173668.703140,0.017464,3173668.703204,3173668.720680
R353,3173668.939922,0.004577,3173668.939981,3173668.944572
R354,3173669.067686,0.014260,3173669.067753,3173669.082024
R355,3173669.082975,0.012198,3173669.082980,3173669.095183
R356,3173669.122968,0.004984,3173669.123033,3173669.128032
R357,3173669.250038,0.242465,3173669.250116,3173669.492589
R358,3173669.564790,0.216100,3173669.564854,3173669.780966
R359,3173669.573033,0.024751,3173669.780972,3173669.805727
R360,3173669.663480,0.015411,3173669.805730,3173669.821141
R361,3173669.789819,0.053912,3173669.821144,3173669.875060
R362,3173669.915322,0.217050,3173669.915385,3173670.132447
R363,3173670.156810,0.072739,3173670.156875,3173670.229623
R364,3173670.263626,0.021266,3173670.263690,3173670.284965
R365,3173670.450362,0.083666,3173670.450427,3173670.534101
R366,3173670.494190,0.001399,3173670.534107,3173670.535512
R367,3173670.604563,0.035585,3173670.604626,3173670.640219
R368,3173670.987597,0.061622,3173670.987662,3173671.049295
R369,3173671.020505,0.030581,3173671.049301,3173671.079885
R370,3173671.093718,0.086335,3173671.093782,3173671.180125
R371,3173671.256458,0.026114,3173671.256523,3173671.282648
R372,3173671.340149,0.033734,3173671.340228,3173671.373974
R373,3173671.513676,0.118652,3173671.513738,3173671.632401
R374,3173671.548176,0.095889,3173671.632407,3173671.728299
R375,3173671.590831,0.155427,3173671.728302,3173671.883731
R376,3173671.593167,0.076517,3173671.883734,3173671.960254
R377,3173671.866505,0.091875,3173671.960257,3173672.052135
R378,3173671.921916,0.156990,3173672.052138,3173672.209131
R379,3173672.028821,0.024668,3173672.209134,3173672.233804
R380,3173672.069964,0.060194,3173672.233806,3173672.294006
R381,3173672.080834,0.078769,3173672.294009,3173672.372782
R382,3173672.395919,0.143518,3173672.395984,3173672.539511
R383,3173672.504101,0.111220,3173672.539519,3173672.650741
R384,3173672.960269,0.037183,3173672.960340,3173672.997535
R385,3173673.020492,0.002013,3173673.020555,3173673.022580
R386,3173673.026913,0.055665,3173673.026980,3173673.082653
R387,3173673.027646,0.102658,3173673.082659,3173673.185324
R388,3173673.077158,0.059006,3173673.185328,3173673.244338
R389,3173673.322251,0.006791,3173673.322315,3173673.329119
R390,3173673.412273,0.055081,3173673.412340,3173673.467428
R391,3173673.442555,0.003697,3173673.467435,3173673.471138
R392,3173673.809544,0.023404,3173673.809625,3173673.833054
R393,3173673.822148,0.078733,3173673.833060,3173673.911796
R394,3173673.999660,0.271566,3173673.999730,3173674.271307
R395,3173674.013589,0.015136,3173674.271314,3173674.286455
R396,3173674.302300,0.117988,3173674.302364,3173674.420360
R397,3173674.394616,0.000584,3173674.420366,3173674.420951
R398,3173674.609315,0.111130,3173674.609381,3173674.720522
R399,3173674.732778,0.213201,3173674.732858,3173674.946067
R400,3173674.927287,0.129124,3173674.946073,3173675.075203
R401,3173674.941774,0.008917,3173675.075206,3173675.084127
R402,3173675.359904,0.022795,3173675.359971,3173675.382778
R403,3173675.405829,0.008322,3173675.405893,3173675.414228
R404,3173675.642889,0.027053,3173675.642964,3173675.670045
R405,3173675.839080,0.231335,3173675.839145,3173676.070491
R406,3173675.866273,0.008473,3173676.070497,3173676.078973
R407,3173676.070664,0.155508,3173676.078977,3173676.234489
R408,3173676.637678,0.098263,3173676.637764,3173676.736036
R409,3173676.697377,0.047489,3173676.736043,3173676.783537
R410,3173676.784490,0.032628,3173676.784496,3173676.817127
R411,3173676.936125,0.011603,3173676.936211,3173676.947841
R412,3173677.067205,0.039568,3173677.067308,3173677.106889
R413,3173677.079320,0.089871,3173677.106895,3173677.196769
R414,3173677.100365,0.177164,3173677.196772,3173677.373941
R415,3173677.117733,0.019735,3173677.373944,3173677.393681
R416,3173677.242501,0.062721,3173677.393684,3173677.456408
R417,3173677.400165,0.239051,3173677.456411,3173677.695466
R418,3173677.453666,0.010851,3173677.695488,3173677.706342
R419,3173677.662515,0.060290,3173677.706345,3173677.766638
R420,3173677.668096,0.019809,3173677.766641,3173677.786451
R421,3173677.740907,0.014546,3173677.786454,3173677.801000
R422,3173677.827008,0.047395,3173677.827072,3173677.874476
R423,3173677.879659,0.087434,3173677.879740,3173677.967180
R424,3173677.880443,0.051650,3173677.967186,3173678.018841
R425,3173677.899723,0.126272,3173678.018844,3173678.145121
R426,3173677.912289,0.096180,3173678.145124,3173678.241307
R427,3173678.132502,0.168241,3173678.241310,3173678.409555
R428,3173678.476859,0.004028,3173678.476923,3173678.480965
R429,3173678.486110,0.016247,3173678.486174,3173678.502432
R430,3173678.593089,0.009667,3173678.593154,3173678.602831
R431,3173678.968698,0.075568,3173678.968771,3173679.044346
R432,3173679.038850,0.100425,3173679.044353,3173679.144784
R433,3173679.184177,0.043493,3173679.184241,3173679.227745
R434,3173679.294934,0.071832,3173679.294998,3173679.366839
R435,3173679.541851,0.020890,3173679.541912,3173679.562814
R436,3173679.905475,0.039060,3173679.905541,3173679.944613
R437,3173680.127917,0.008548,3173680.127979,3173680.136539
R438,3173680.196649,0.040826,3173680.196713,3173680.237550
R439,3173680.432376,0.226737,3173680.432443,3173680.659191
R440,3173680.628877,0.148383,3173680.659197,3173680.807584
R441,3173680.899208,0.084035,3173680.899273,3173680.983318
R442,3173681.078254,0.081660,3173681.078318,3173681.159987
R443,3173681.181968,0.072056,3173681.182033,3173681.254098
R444,3173681.281683,0.002493,3173681.281747,3173681.284251
R445,3173681.440870,0.076296,3173681.440940,3173681.517247
R446,3173681.642357,0.012951,3173681.642419,3173681.655382
R447,3173681.663743,0.125202,3173681.663805,3173681.789022
R448,3173681.694896,0.110767,3173681.789029,3173681.899801
R449,3173681.960571,0.091561,3173681.960635,3173682.052208
R450,3173681.989632,0.009298,3173682.052214,3173682.061516
R451,3173682.043267,0.008987,3173682.061520,3173682.070511
R452,3173682.356578,0.026262,3173682.356645,3173682.382919
R453,3173682.449941,0.028276,3173682.450010,3173682.478297
R454,3173682.481774,0.244790,3173682.481838,3173682.726637
R455,3173682.634910,0.058923,3173682.726643,3173682.785570
R456,3173682.670762,0.229529,3173682.785574,3173683.015106
R457,3173682.886076,0.029083,3173683.015109,3173683.044194
R458,3173682.907981,0.086190,3173683.044197,3173683.130391
R459,3173683.025598,0.022089,3173683.130394,3173683.152487
R460,3173683.320866,0.082710,3173683.320931,3173683.403649
R461,3173683.480992,0.139719,3173683.481055,3173683.620785
R462,3173683.736299,0.002405,3173683.736361,3173683.738780
R463,3173683.948324,0.080103,3173683.948389,3173684.028505
R464,3173684.075844,0.124095,3173684.075907,3173684.200014
R465,3173684.281983,0.006655,3173684.282051,3173684.288723
R466,3173684.329773,0.015801,3173684.329839,3173684.345650
R467,3173684.632684,0.037163,3173684.632755,3173684.669930
R468,3173684.660864,0.039663,3173684.669936,3173684.709602
R469,3173684.744477,0.008844,3173684.744552,3173684.753405
R470,3173684.893450,0.169660,3173684.893516,3173685.063188
R471,3173684.949755,0.009167,3173685.063194,3173685.072365
R472,3173685.083400,0.115431,3173685.083462,3173685.198901
R473,3173685.317522,0.038080,3173685.317591,3173685.355682
R474,3173685.390212,0.026476,3173685.390276,3173685.416762
R475,3173685.461828,0.005890,3173685.461910,3173685.467815
R476,3173685.592605,0.047165,3173685.592681,3173685.639858
R477,3173685.923781,0.093622,3173685.923847,3173686.017480
R478,3173686.228156,0.053165,3173686.228219,3173686.281394
R479,3173686.316362,0.021178,3173686.316426,3173686.337613
R480,3173686.365786,0.071644,3173686.365849,3173686.437502
R481,3173686.406146,0.011231,3173686.437509,3173686.448741
R482,3173686.457344,0.054519,3173686.457406,3173686.511936
R483,3173686.655077,0.017816,3173686.655138,3173686.672963
R484,3173686.750121,0.011930,3173686.750183,3173686.762125
R485,3173687.029848,0.017004,3173687.029915,3173687.046931
R486,3173687.079421,0.192528,3173687.079483,3173687.272018
R487,3173687.079831,0.137790,3173687.272024,3173687.409817
R488,3173687.128511,0.096936,3173687.409820,3173687.506759
R489,3173687.278692,0.003813,3173687.506762,3173687.510576
R490,3173687.306251,0.124326,3173687.510580,3173687.634909
R491,3173687.765087,0.164599,3173687.765151,3173687.929761
R492,3173687.782218,0.429100,3173687.929767,3173688.358873
R493,3173687.815404,0.091862,3173688.358876,3173688.450742
R494,3173687.925142,0.146954,3173688.450745,3173688.597702
R495,3173688.014727,0.103706,3173688.597705,3173688.701414
R496,3173688.333108,0.017920,3173688.701417,3173688.719341
R497,3173688.407350,0.014006,3173688.719343,3173688.733353
R498,3173688.667365,0.032612,3173688.733357,3173688.765971
R499,3173688.827340,0.063366,3173688.827399,3173688.890776
