R0:2910317.279398,0.041792,2910317.279455,2910317.321275
R1:2910317.462815,0.133472,2910317.462854,2910317.596357
R2:2910317.615676,0.018341,2910317.615759,2910317.634122
R3:2910317.858345,0.121834,2910317.858442,2910317.980303
R4:2910317.899199,0.067281,2910317.980315,2910318.047631
R5:2910317.931751,0.082600,2910318.047656,2910318.130280
R6:2910317.996664,0.060026,2910318.130287,2910318.190331
R7:2910318.042064,0.206605,2910318.190340,2910318.396961
R8:2910318.346215,0.105280,2910318.396969,2910318.502261
R9:2910318.447211,0.077822,2910318.502267,2910318.580100
R10:2910318.462503,0.023187,2910318.580105,2910318.603295
R11:2910318.464156,0.135879,2910318.603299,2910318.739188
R12:2910318.478925,0.042700,2910318.739199,2910318.781912
R13:2910318.495975,0.009600,2910318.781922,2910318.791528
R14:2910318.509886,0.020519,2910318.791539,2910318.812066
R15:2910319.193398,0.152254,2910319.193495,2910319.345796
R16:2910319.265361,0.029252,2910319.345815,2910319.375078
R17:2910319.360224,0.061912,2910319.375085,2910319.437015
R18:2910319.461736,0.300302,2910319.461834,2910319.762163
R19:2910319.529796,0.122966,2910319.762179,2910319.885159
R20:2910319.564419,0.122442,2910319.885164,2910320.007628
R21:2910319.639287,0.185106,2910320.007637,2910320.192758
R22:2910319.690480,0.036214,2910320.192767,2910320.229004
R23:2910319.723814,0.209469,2910320.229011,2910320.438495
R24:2910319.888716,0.248530,2910320.438503,2910320.687053
R25:2910319.895965,0.007499,2910320.687060,2910320.694569
R26:2910319.970632,0.090695,2910320.694574,2910320.785285
R27:2910319.992004,0.035757,2910320.785292,2910320.821065
R28:2910320.212955,0.001686,2910320.821070,2910320.822763
R29:2910320.219616,0.005431,2910320.822766,2910320.828209
R30:2910320.280822,0.293994,2910320.828215,2910321.122222
R31:2910320.308095,0.158606,2910321.122229,2910321.280850
R32:2910320.540602,0.064667,2910321.280856,2910321.345539
R33:2910320.571637,0.119013,2910321.345545,2910321.464573
R34:2910320.618682,0.091816,2910321.464578,2910321.556411
R35:2910320.690552,0.003339,2910321.556418,2910321.559768
R36:2910320.766421,0.223819,2910321.559772,2910321.783604
R37:2910320.824007,0.106364,2910321.783613,2910321.889994
R38:2910321.091115,0.111788,2910321.890000,2910322.001802
R39:2910321.124585,0.036419,2910322.001808,2910322.038240
R40:2910321.226764,0.015124,2910322.038244,2910322.053381
R41:2910321.343216,0.176741,2910322.053385,2910322.230140
R42:2910321.401241,0.033415,2910322.230146,2910322.263566
R43:2910321.577988,0.186534,2910322.263570,2910322.450117
R44:2910321.604019,0.096708,2910322.450123,2910322.546843
R45:2910321.647176,0.074024,2910322.546847,2910322.620887
R46:2910321.960625,0.163059,2910322.620893,2910322.783963
R47:2910322.067742,0.214719,2910322.783968,2910322.998704
R48:2910322.125668,0.140512,2910322.998712,2910323.139231
R49:2910322.176510,0.201567,2910323.139237,2910323.340816
R50:2910322.291805,0.020260,2910323.340822,2910323.361091
R51:2910322.357717,0.210611,2910323.361100,2910323.571728
R52:2910322.657826,0.177430,2910323.571734,2910323.749184
R53:2910322.673830,0.047129,2910323.749192,2910323.796332
R54:2910322.776330,0.027498,2910323.796336,2910323.823842
R55:2910322.873013,0.030616,2910323.823847,2910323.854467
R56:2910323.027214,0.021360,2910323.854473,2910323.875848
R57:2910323.086486,0.026941,2910323.875853,2910323.902809
R58:2910323.107282,0.044893,2910323.902818,2910323.947728
R59:2910323.188601,0.197754,2910323.947735,2910324.145500
R60:2910323.207205,0.011230,2910324.145506,2910324.156739
R61:2910323.218107,0.119092,2910324.156743,2910324.275847
R62:2910323.286527,0.227786,2910324.275854,2910324.503660
R63:2910323.704876,0.040266,2910324.503666,2910324.543946
R64:2910323.820249,0.038326,2910324.543950,2910324.582290
R65:2910323.958812,0.022026,2910324.582294,2910324.604326
R66:2910323.993672,0.023355,2910324.604330,2910324.627697
R67:2910324.081514,0.109777,2910324.627702,2910324.737490
R68:2910324.098073,0.131443,2910324.737495,2910324.868952
R69:2910324.111505,0.113898,2910324.868958,2910324.982871
R70:2910324.129453,0.249818,2910324.982877,2910325.232713
R71:2910324.137218,0.061436,2910325.232719,2910325.294171
R72:2910324.142633,0.022877,2910325.294176,2910325.317069
R73:2910324.162035,0.109934,2910325.317073,2910325.427021
R74:2910324.321910,0.285300,2910325.427026,2910325.712345
R75:2910324.428807,0.118834,2910325.712351,2910325.831199
R76:2910324.530842,0.012076,2910325.831205,2910325.843297
R77:2910324.540680,0.006788,2910325.843302,2910325.850104
R78:2910324.614133,0.019082,2910325.850108,2910325.869204
R79:2910324.621406,0.142751,2910325.869209,2910326.011972
R80:2910324.683311,0.117406,2910326.011977,2910326.129399
R81:2910324.768504,0.014312,2910326.129405,2910326.143728
R82:2910324.773860,0.019047,2910326.143732,2910326.162796
R83:2910325.969344,0.011172,2910326.162802,2910326.173988
R84:2910326.190059,0.004631,2910326.190164,2910326.194837
R85:2910326.802000,0.006256,2910326.802102,2910326.808409
R86:2910327.006478,0.213737,2910327.006585,2910327.220358
R87:2910327.006920,0.016575,2910327.220373,2910327.236963
R88:2910327.097044,0.041423,2910327.236969,2910327.278410
R89:2910327.114875,0.142759,2910327.278416,2910327.421190
R90:2910327.359116,0.067004,2910327.421196,2910327.488226
R91:2910327.403632,0.050211,2910327.488243,2910327.538470
R92:2910327.490268,0.008747,2910327.538478,2910327.547228
R93:2910327.606569,0.117992,2910327.606660,2910327.724676
R94:2910327.682275,0.404774,2910327.724690,2910328.129493
R95:2910327.718587,0.175048,2910328.129511,2910328.304582
R96:2910327.804646,0.082609,2910328.304590,2910328.387213
R97:2910327.942426,0.114795,2910328.387222,2910328.502030
R98:2910327.946052,0.216275,2910328.502037,2910328.718332
R99:2910328.125193,0.148173,2910328.718338,2910328.866527
R100:2910328.331791,0.113487,2910328.866533,2910328.980035
R101:2910328.720226,0.342518,2910328.980042,2910329.322578
R102:2910328.953935,0.057307,2910329.322587,2910329.379910
R103:2910329.063890,0.147669,2910329.379915,2910329.527597
R104:2910329.081823,0.006677,2910329.527603,2910329.534285
R105:2910329.301613,0.023756,2910329.534291,2910329.558050
R106:2910329.406531,0.021687,2910329.558056,2910329.579759
R107:2910329.505840,0.031755,2910329.579767,2910329.611539
R108:2910329.626463,0.021935,2910329.626569,2910329.648539
R109:2910329.666353,0.083549,2910329.666439,2910329.750016
R110:2910329.674089,0.087755,2910329.750031,2910329.837807
R111:2910329.699418,0.296387,2910329.837824,2910330.134229
R112:2910329.770907,0.065824,2910330.134237,2910330.200079
R113:2910329.803791,0.010019,2910330.200085,2910330.210119
R114:2910329.930843,0.074818,2910330.210124,2910330.284958
R115:2910329.994631,0.049959,2910330.284964,2910330.334943
R116:2910330.283457,0.156817,2910330.334950,2910330.491778
R117:2910330.324485,0.000270,2910330.491786,2910330.492066
R118:2910330.381514,0.076042,2910330.492070,2910330.568127
R119:2910330.423838,0.022203,2910330.568134,2910330.590349
R120:2910330.602976,0.054968,2910330.603030,2910330.658034
R121:2910330.715545,0.030315,2910330.715587,2910330.745930
R122:2910330.781342,0.016798,2910330.781434,2910330.798266
R123:2910330.905881,0.003477,2910330.905991,2910330.909511
R124:2910331.003148,0.099223,2910331.003258,2910331.102508
R125:2910331.056615,0.084593,2910331.102524,2910331.187137
R126:2910331.168699,0.017009,2910331.187143,2910331.204169
R127:2910331.211365,0.082217,2910331.211454,2910331.293698
R128:2910331.305322,0.033171,2910331.305425,2910331.338621
R129:2910331.436556,0.018826,2910331.436653,2910331.455518
R130:2910331.571459,0.096201,2910331.571556,2910331.667783
R131:2910331.825208,0.024785,2910331.825305,2910331.850120
R132:2910331.931123,0.007644,2910331.931201,2910331.938885
R133:2910332.007174,0.174891,2910332.007264,2910332.182193
R134:2910332.037378,0.008202,2910332.182206,2910332.190431
R135:2910332.153267,0.037399,2910332.190437,2910332.227855
R136:2910332.165080,0.074955,2910332.227862,2910332.302833
R137:2910332.251067,0.028398,2910332.302840,2910332.331245
R138:2910332.360920,0.028351,2910332.361021,2910332.389401
R139:2910332.510459,0.017534,2910332.510528,2910332.528098
R140:2910332.550472,0.000299,2910332.550560,2910332.550887
R141:2910332.966314,0.033557,2910332.966417,2910333.000019
R142:2910333.142019,0.047799,2910333.142111,2910333.189940
R143:2910333.162894,0.209371,2910333.189955,2910333.399360
R144:2910333.481444,0.100075,2910333.481540,2910333.581647
R145:2910333.626236,0.096473,2910333.626328,2910333.722837
R146:2910333.639180,0.124036,2910333.722852,2910333.846918
R147:2910333.687625,0.206683,2910333.846931,2910334.053650
R148:2910333.974211,0.018966,2910334.053667,2910334.072653
R149:2910334.172230,0.066181,2910334.172326,2910334.238539
R150:2910334.330082,0.196097,2910334.330166,2910334.526302
R151:2910334.365394,0.172609,2910334.526318,2910334.698946
R152:2910334.605819,0.071541,2910334.698954,2910334.770515
R153:2910334.674791,0.026674,2910334.770522,2910334.797212
R154:2910334.692579,0.056505,2910334.797218,2910334.853740
R155:2910334.892540,0.157508,2910334.892628,2910335.050160
R156:2910334.954867,0.028665,2910335.050175,2910335.078849
R157:2910335.023399,0.096048,2910335.078865,2910335.174928
R158:2910335.043318,0.012477,2910335.174936,2910335.187422
R159:2910335.173371,0.056509,2910335.187433,2910335.243954
R160:2910335.265802,0.107356,2910335.265897,2910335.373277
R161:2910335.447923,0.020915,2910335.448031,2910335.468969
R162:2910335.467570,0.010772,2910335.468987,2910335.479765
R163:2910335.536608,0.037248,2910335.536687,2910335.573968
R164:2910335.551503,0.223892,2910335.573981,2910335.797904
R165:2910335.590790,0.081093,2910335.797921,2910335.879030
R166:2910335.829926,0.142038,2910335.879040,2910336.021094
R167:2910336.011254,0.033994,2910336.021102,2910336.055111
R168:2910336.079809,0.089615,2910336.079912,2910336.169553
R169:2910336.129974,0.024969,2910336.169569,2910336.194544
R170:2910336.223866,0.006276,2910336.223962,2910336.230269
R171:2910336.240293,0.086823,2910336.240386,2910336.327238
R172:2910336.251731,0.028338,2910336.327252,2910336.355610
R173:2910336.296938,0.007964,2910336.355619,2910336.363590
R174:2910336.337208,0.227135,2910336.363598,2910336.590764
R175:2910336.392974,0.025709,2910336.590779,2910336.616498
R176:2910336.480608,0.119546,2910336.616509,2910336.736071
R177:2910336.588140,0.014259,2910336.736080,2910336.750343
R178:2910336.654988,0.081884,2910336.750350,2910336.832247
R179:2910336.869602,0.019416,2910336.869715,2910336.889164
R180:2910336.942553,0.046289,2910336.942638,2910336.988955
R181:2910337.024121,0.041793,2910337.024202,2910337.066029
R182:2910337.201309,0.032879,2910337.201412,2910337.234312
R183:2910337.229353,0.084827,2910337.234326,2910337.319172
R184:2910337.360074,0.034405,2910337.360111,2910337.394550
R185:2910337.779042,0.012189,2910337.779150,2910337.791390
R186:2910338.006921,0.000452,2910338.007016,2910338.007502
R187:2910338.059844,0.124078,2910338.059949,2910338.184059
R188:2910338.212786,0.010149,2910338.212876,2910338.223057
R189:2910338.247587,0.106380,2910338.247688,2910338.354100
R190:2910338.448261,0.049684,2910338.448350,2910338.498068
R191:2910338.453332,0.102558,2910338.498082,2910338.600691
R192:2910338.883617,0.053521,2910338.883712,2910338.937269
R193:2910338.907341,0.008219,2910338.937284,2910338.945520
R194:2910339.107749,0.040226,2910339.107837,2910339.148099
R195:2910339.118263,0.089198,2910339.148112,2910339.237320
R196:2910339.154194,0.011768,2910339.237328,2910339.249103
R197:2910339.319805,0.004575,2910339.319898,2910339.324507
R198:2910339.325122,0.126507,2910339.325137,2910339.451664
R199:2910339.386336,0.048700,2910339.451673,2910339.500427
R200:2910339.504148,0.074226,2910339.504220,2910339.578469
R201:2910339.516850,0.062901,2910339.578484,2910339.641404
R202:2910339.603296,0.037441,2910339.641410,2910339.678861
R203:2910339.693722,0.182978,2910339.693816,2910339.876835
R204:2910339.730030,0.015509,2910339.876863,2910339.892386
R205:2910339.794782,0.062168,2910339.892392,2910339.954573
R206:2910339.888888,0.075569,2910339.954583,2910340.030169
R207:2910339.985387,0.147569,2910340.030175,2910340.177756
R208:2910340.012020,0.008672,2910340.177766,2910340.186450
R209:2910340.019298,0.015492,2910340.186457,2910340.201960
R210:2910340.276654,0.021294,2910340.276755,2910340.298079
R211:2910340.342408,0.028638,2910340.342496,2910340.371160
R212:2910340.517748,0.175501,2910340.517783,2910340.693316
R213:2910340.561969,0.140575,2910340.693331,2910340.833925
R214:2910340.604186,0.003084,2910340.833934,2910340.837022
R215:2910340.711839,0.125520,2910340.837026,2910340.962558
R216:2910340.741632,0.150710,2910340.962567,2910341.113302
R217:2910340.839991,0.020813,2910341.113319,2910341.134152
R218:2910340.876856,0.078991,2910341.134158,2910341.213162
R219:2910340.898947,0.093560,2910341.213168,2910341.306738
R220:2910340.910584,0.105920,2910341.306742,2910341.412677
R221:2910341.063043,0.042734,2910341.412682,2910341.455430
R222:2910341.085428,0.047431,2910341.455435,2910341.502879
R223:2910341.123384,0.040613,2910341.502886,2910341.543509
R224:2910341.149672,0.014008,2910341.543514,2910341.557533
R225:2910341.225805,0.001224,2910341.557538,2910341.558770
R226:2910341.306881,0.040128,2910341.558775,2910341.598914
R227:2910341.354742,0.111429,2910341.598920,2910341.710361
R228:2910341.391202,0.087404,2910341.710366,2910341.797784
R229:2910341.421385,0.210052,2910341.797791,2910342.007856
R230:2910341.501770,0.138300,2910342.007865,2910342.146182
R231:2910341.617623,0.031158,2910342.146188,2910342.177350
R232:2910341.737327,0.000502,2910342.177355,2910342.177857
R233:2910341.841166,0.154777,2910342.177861,2910342.332652
R234:2910341.917317,0.085763,2910342.332657,2910342.418428
R235:2910342.013684,0.042667,2910342.418437,2910342.461122
R236:2910342.086789,0.105744,2910342.461127,2910342.566879
R237:2910342.131772,0.094385,2910342.566886,2910342.661285
R238:2910342.293684,0.002787,2910342.661293,2910342.664083
R239:2910342.310294,0.096456,2910342.664087,2910342.760558
R240:2910342.316870,0.080404,2910342.760567,2910342.840981
R241:2910342.337656,0.069912,2910342.840989,2910342.910910
R242:2910342.458165,0.000477,2910342.910918,2910342.911409
R243:2910342.458299,0.025269,2910342.911414,2910342.936691
R244:2910342.494726,0.162400,2910342.936695,2910343.099107
R245:2910342.601266,0.034797,2910343.099116,2910343.133928
R246:2910342.621275,0.176004,2910343.133956,2910343.309974
R247:2910342.731349,0.031313,2910343.309983,2910343.341306
R248:2910342.837299,0.017177,2910343.341314,2910343.358499
R249:2910343.053614,0.058341,2910343.358509,2910343.416861
R250:2910343.070729,0.093829,2910343.416866,2910343.510706
R251:2910343.247326,0.017675,2910343.510715,2910343.528401
R252:2910343.481867,0.102034,2910343.528411,2910343.630458
R253:2910343.532064,0.066062,2910343.630465,2910343.696536
R254:2910343.735276,0.224617,2910343.735360,2910343.960007
R255:2910343.869614,0.217625,2910343.960022,2910344.177662
R256:2910343.896181,0.225779,2910344.177669,2910344.403473
R257:2910343.976377,0.067019,2910344.403482,2910344.470521
R258:2910344.044606,0.133972,2910344.470527,2910344.604510
R259:2910344.324533,0.075219,2910344.604517,2910344.679745
R260:2910344.492844,0.446682,2910344.679755,2910345.126454
R261:2910344.599930,0.032697,2910345.126462,2910345.159177
R262:2910344.874608,0.074129,2910345.159183,2910345.233327
R263:2910345.082023,0.118692,2910345.233333,2910345.352045
R264:2910345.183596,0.132026,2910345.352052,2910345.484093
R265:2910345.332974,0.077275,2910345.484099,2910345.561389
R266:2910345.363479,0.015222,2910345.561396,2910345.576632
R267:2910345.427093,0.166926,2910345.576647,2910345.743583
R268:2910345.585824,0.090990,2910345.743591,2910345.834597
R269:2910345.792218,0.078892,2910345.834604,2910345.913509
R270:2910345.845429,0.086444,2910345.913514,2910345.999973
R271:2910345.936305,0.013381,2910345.999980,2910346.013367
R272:2910346.013664,0.002793,2910346.013767,2910346.016573
R273:2910346.100206,0.060844,2910346.100238,2910346.161101
R274:2910346.220936,0.060309,2910346.221046,2910346.281394
R275:2910346.399698,0.056081,2910346.399802,2910346.455901
R276:2910346.411669,0.004143,2910346.455914,2910346.460064
R277:2910346.483094,0.040465,2910346.483181,2910346.523675
R278:2910346.651507,0.050142,2910346.651596,2910346.701761
R279:2910346.753045,0.044405,2910346.753143,2910346.797566
R280:2910346.768613,0.043514,2910346.797578,2910346.841099
R281:2910346.797004,0.105368,2910346.841105,2910346.946480
R282:2910346.798772,0.139697,2910346.946486,2910347.086214
R283:2910346.884047,0.049328,2910347.086229,2910347.135572
R284:2910346.971454,0.444320,2910347.135579,2910347.579914
R285:2910347.036361,0.006430,2910347.579920,2910347.586354
R286:2910347.042427,0.075793,2910347.586362,2910347.662179
R287:2910347.144815,0.020682,2910347.662198,2910347.682898
R288:2910347.170013,0.214219,2910347.682903,2910347.897141
R289:2910347.269516,0.051790,2910347.897148,2910347.948952
R290:2910347.403452,0.158420,2910347.948958,2910348.107395
R291:2910347.461194,0.247849,2910348.107400,2910348.355271
R292:2910347.766255,0.121398,2910348.355277,2910348.476689
R293:2910347.995627,0.064123,2910348.476694,2910348.540828
R294:2910348.036232,0.054102,2910348.540833,2910348.594947
R295:2910348.060983,0.052306,2910348.594951,2910348.647270
R296:2910348.360217,0.284973,2910348.647277,2910348.932268
R297:2910348.575930,0.051047,2910348.932274,2910348.983340
R298:2910348.596257,0.121196,2910348.983369,2910349.104583
R299:2910348.747795,0.024821,2910349.104589,2910349.129421
R300:2910348.982976,0.275881,2910349.129425,2910349.405321
R301:2910349.126386,0.042900,2910349.405327,2910349.448241
R302:2910349.166731,0.067370,2910349.448246,2910349.515629
R303:2910349.249029,0.017666,2910349.515634,2910349.533310
R304:2910349.346378,0.037204,2910349.533314,2910349.570534
R305:2910349.411401,0.206932,2910349.570540,2910349.777491
R306:2910349.517519,0.077732,2910349.777498,2910349.855243
R307:2910349.541198,0.009690,2910349.855248,2910349.864942
R308:2910349.741787,0.018491,2910349.864946,2910349.883442
R309:2910349.788576,0.074849,2910349.883448,2910349.958315
R310:2910349.892587,0.075599,2910349.958321,2910350.033938
R311:2910350.005484,0.068580,2910350.033943,2910350.102537
R312:2910350.011569,0.023158,2910350.102542,2910350.125715
R313:2910350.094504,0.035113,2910350.125720,2910350.160839
R314:2910350.096432,0.214415,2910350.160845,2910350.375275
R315:2910350.097350,0.122722,2910350.375285,2910350.498015
R316:2910350.189345,0.225595,2910350.498020,2910350.723623
R317:2910350.407580,0.049514,2910350.723631,2910350.773161
R318:2910350.426609,0.132156,2910350.773171,2910350.905339
R319:2910350.493509,0.281006,2910350.905347,2910351.186367
R320:2910350.595413,0.028881,2910351.186373,2910351.215271
R321:2910350.612308,0.037979,2910351.215279,2910351.253275
R322:2910350.826200,0.114741,2910351.253280,2910351.368038
R323:2910351.055914,0.026568,2910351.368043,2910351.394627
R324:2910351.120523,0.010873,2910351.394633,2910351.405516
R325:2910351.413612,0.081336,2910351.413712,2910351.495070
R326:2910351.614390,0.215346,2910351.614491,2910351.829873
R327:2910351.741236,0.027640,2910351.829902,2910351.857567
R328:2910351.761602,0.018906,2910351.857574,2910351.876497
R329:2910351.779915,0.016156,2910351.876504,2910351.892669
R330:2910351.878318,0.021516,2910351.892675,2910351.914197
R331:2910351.891884,0.001164,2910351.914203,2910351.915368
R332:2910352.185507,0.010652,2910352.185584,2910352.196262
R333:2910352.203054,0.087139,2910352.203117,2910352.290278
R334:2910352.265028,0.008859,2910352.290291,2910352.299156
R335:2910352.511817,0.006097,2910352.511898,2910352.518045
R336:2910352.607083,0.057170,2910352.607165,2910352.664359
R337:2910352.657148,0.028915,2910352.664432,2910352.693382
R338:2910352.714538,0.202906,2910352.714613,2910352.917539
R339:2910352.742538,0.017633,2910352.917553,2910352.935190
R340:2910352.826054,0.047113,2910352.935196,2910352.982324
R341:2910352.829604,0.116660,2910352.982334,2910353.099009
R342:2910352.997770,0.516639,2910353.099016,2910353.615666
R343:2910353.041877,0.061782,2910353.615674,2910353.677469
R344:2910353.045532,0.090341,2910353.677473,2910353.767828
R345:2910353.067980,0.033077,2910353.767835,2910353.800916
R346:2910353.188331,0.086706,2910353.800920,2910353.887641
R347:2910353.408497,0.004289,2910353.887645,2910353.891944
R348:2910353.450303,0.135519,2910353.891947,2910354.027479
R349:2910353.595869,0.095455,2910354.027487,2910354.122949
R350:2910353.715859,0.031278,2910354.122956,2910354.154243
R351:2910353.950419,0.029477,2910354.154247,2910354.183732
R352:2910354.090070,0.017464,2910354.183741,2910354.201214
R353:2910354.255837,0.004577,2910354.255958,2910354.260572
R354:2910354.345294,0.014260,2910354.345393,2910354.359690
R355:2910354.356016,0.012198,2910354.359711,2910354.371918
R356:2910354.384018,0.004984,2910354.384083,2910354.389087
R357:2910354.472984,0.242465,2910354.473075,2910354.715565
R358:2910354.693337,0.216100,2910354.715578,2910354.931700
R359:2910354.699122,0.024751,2910354.931709,2910354.956473
R360:2910354.762446,0.015411,2910354.956479,2910354.971893
R361:2910354.850909,0.053912,2910354.971900,2910355.025830
R362:2910354.938773,0.217050,2910355.025836,2910355.242904
R363:2910355.107826,0.072739,2910355.242911,2910355.315660
R364:2910355.182616,0.021266,2910355.315666,2910355.336947
R365:2910355.313347,0.083666,2910355.336952,2910355.420631
R366:2910355.344049,0.001399,2910355.420638,2910355.422044
R367:2910355.421318,0.035585,2910355.422048,2910355.457637
R368:2910355.689452,0.061622,2910355.689535,2910355.751183
R369:2910355.712510,0.030581,2910355.751196,2910355.781795
R370:2910355.763769,0.086335,2910355.781802,2910355.868150
R371:2910355.877698,0.026114,2910355.877773,2910355.903918
R372:2910355.936295,0.033734,2910355.936383,2910355.970150
R373:2910356.057788,0.118652,2910356.057880,2910356.176568
R374:2910356.081960,0.095889,2910356.176582,2910356.272495
R375:2910356.111827,0.155427,2910356.272503,2910356.427942
R376:2910356.113472,0.076517,2910356.427949,2910356.504479
R377:2910356.304817,0.091875,2910356.504484,2910356.596368
R378:2910356.343628,0.156990,2910356.596375,2910356.753372
R379:2910356.418486,0.024668,2910356.753378,2910356.778059
R380:2910356.447303,0.060194,2910356.778065,2910356.838277
R381:2910356.454932,0.078769,2910356.838283,2910356.917068
R382:2910356.675500,0.143518,2910356.917083,2910357.060622
R383:2910356.751248,0.111220,2910357.060632,2910357.171863
R384:2910357.070578,0.037183,2910357.171870,2910357.209059
R385:2910357.112749,0.002013,2910357.209066,2910357.211080
R386:2910357.117256,0.055665,2910357.211084,2910357.266763
R387:2910357.117777,0.102658,2910357.266771,2910357.369440
R388:2910357.152447,0.059006,2910357.369447,2910357.428463
R389:2910357.324030,0.006791,2910357.428471,2910357.435265
R390:2910357.387065,0.055081,2910357.435270,2910357.490363
R391:2910357.408280,0.003697,2910357.490371,2910357.494073
R392:2910357.665198,0.023404,2910357.665289,2910357.688718
R393:2910357.674039,0.078733,2910357.688731,2910357.767476
R394:2910357.798305,0.271566,2910357.798391,2910358.069983
R395:2910357.808078,0.015136,2910358.069997,2910358.085143
R396:2910358.010193,0.117988,2910358.085149,2910358.203149
R397:2910358.074829,0.000584,2910358.203156,2910358.203745
R398:2910358.225135,0.111130,2910358.225204,2910358.336358
R399:2910358.311576,0.213201,2910358.336373,2910358.549586
R400:2910358.447747,0.129124,2910358.549615,2910358.678764
R401:2910358.457898,0.008917,2910358.678771,2910358.687698
R402:2910358.750593,0.022795,2910358.750673,2910358.773499
R403:2910358.782762,0.008322,2910358.782824,2910358.791162
R404:2910358.948714,0.027053,2910358.948808,2910358.975891
R405:2910359.086069,0.231335,2910359.086157,2910359.317525
R406:2910359.105120,0.008473,2910359.317548,2910359.326030
R407:2910359.248202,0.155508,2910359.326036,2910359.481566
R408:2910359.645125,0.098263,2910359.645212,2910359.743506
R409:2910359.686939,0.047489,2910359.743520,2910359.791024
R410:2910359.747934,0.032628,2910359.791031,2910359.823665
R411:2910359.854088,0.011603,2910359.854153,2910359.865777
R412:2910359.945862,0.039568,2910359.945957,2910359.985549
R413:2910359.954361,0.089871,2910359.985561,2910360.075440
R414:2910359.969099,0.177164,2910360.075446,2910360.252626
R415:2910359.981262,0.019735,2910360.252636,2910360.272382
R416:2910360.068607,0.062721,2910360.272388,2910360.335126
R417:2910360.178992,0.239051,2910360.335132,2910360.574195
R418:2910360.216461,0.010851,2910360.574238,2910360.585093
R419:2910360.362662,0.060290,2910360.585098,2910360.645401
R420:2910360.366586,0.019809,2910360.645405,2910360.665222
R421:2910360.417564,0.014546,2910360.665225,2910360.679781
R422:2910360.477842,0.047395,2910360.679785,2910360.727189
R423:2910360.514705,0.087434,2910360.727194,2910360.814642
R424:2910360.515259,0.051650,2910360.814648,2910360.866311
R425:2910360.528760,0.126272,2910360.866316,2910360.992599
R426:2910360.537562,0.096180,2910360.992604,2910361.088795
R427:2910360.691719,0.168241,2910361.088799,2910361.257057
R428:2910360.932784,0.004028,2910361.257062,2910361.261096
R429:2910360.939276,0.016247,2910361.261100,2910361.277351
R430:2910361.014169,0.009667,2910361.277355,2910361.287024
R431:2910361.277109,0.075568,2910361.287029,2910361.362610
R432:2910361.326227,0.100425,2910361.362615,2910361.463054
R433:2910361.427968,0.043493,2910361.463061,2910361.506561
R434:2910361.505510,0.071832,2910361.506568,2910361.578414
R435:2910361.678368,0.020890,2910361.678441,2910361.699359
R436:2910361.932921,0.039060,2910361.933020,2910361.972112
R437:2910362.088656,0.008548,2910362.088744,2910362.097328
R438:2910362.136787,0.040826,2910362.136866,2910362.177723
R439:2910362.301815,0.226737,2910362.301890,2910362.528659
R440:2910362.439384,0.148383,2910362.528674,2910362.677074
R441:2910362.628630,0.084035,2910362.677081,2910362.761130
R442:2910362.753982,0.081660,2910362.761137,2910362.842810
R443:2910362.826608,0.072056,2910362.842819,2910362.914890
R444:2910362.896428,0.002493,2910362.914895,2910362.917394
R445:2910363.007874,0.076296,2910363.007957,2910363.084283
R446:2910363.148931,0.012951,2910363.149021,2910363.162003
R447:2910363.163919,0.125202,2910363.163985,2910363.289215
R448:2910363.185734,0.110767,2910363.289229,2910363.400014
R449:2910363.371716,0.091561,2910363.400021,2910363.491590
R450:2910363.392075,0.009298,2910363.491597,2910363.500898
R451:2910363.429629,0.008987,2910363.500904,2910363.509894
R452:2910363.648956,0.026262,2910363.649055,2910363.675344
R453:2910363.714327,0.028276,2910363.714418,2910363.742718
R454:2910363.736628,0.244790,2910363.742730,2910363.987533
R455:2910363.843831,0.058923,2910363.987541,2910364.046477
R456:2910363.868940,0.229529,2910364.046483,2910364.276025
R457:2910364.019668,0.029083,2910364.276035,2910364.305125
R458:2910364.035018,0.086190,2910364.305131,2910364.391333
R459:2910364.117358,0.022089,2910364.391340,2910364.413433
R460:2910364.324058,0.082710,2910364.413439,2910364.496160
R461:2910364.436156,0.139719,2910364.496167,2910364.635902
R462:2910364.614881,0.002405,2910364.635908,2910364.638320
R463:2910364.763312,0.080103,2910364.763405,2910364.843540
R464:2910364.852597,0.124095,2910364.852677,2910364.976791
R465:2910364.996905,0.006655,2910364.996987,2910365.003657
R466:2910365.030373,0.015801,2910365.030438,2910365.046267
R467:2910365.242428,0.037163,2910365.242522,2910365.279714
R468:2910365.262169,0.039663,2910365.279728,2910365.319408
R469:2910365.320704,0.008844,2910365.320717,2910365.329576
R470:2910365.424998,0.169660,2910365.425091,2910365.594778
R471:2910365.464431,0.009167,2910365.594793,2910365.603978
R472:2910365.557990,0.115431,2910365.603985,2910365.719435
R473:2910365.721884,0.038080,2910365.721974,2910365.760079
R474:2910365.772777,0.026476,2910365.772868,2910365.799375
R475:2910365.822929,0.005890,2910365.823020,2910365.828932
R476:2910365.914493,0.047165,2910365.914569,2910365.961762
R477:2910366.146330,0.093622,2910366.146424,2910366.240081
R478:2910366.359418,0.053165,2910366.359509,2910366.412706
R479:2910366.421188,0.021178,2910366.421283,2910366.442494
R480:2910366.455811,0.071644,2910366.455904,2910366.527567
R481:2910366.484083,0.011231,2910366.527580,2910366.538815
R482:2910366.519929,0.054519,2910366.538823,2910366.593354
R483:2910366.658353,0.017816,2910366.658436,2910366.676281
R484:2910366.724905,0.011930,2910366.724992,2910366.736955
R485:2910366.920733,0.017004,2910366.920842,2910366.937878
R486:2910366.955453,0.192528,2910366.955527,2910367.148080
R487:2910366.955750,0.137790,2910367.148094,2910367.285896
R488:2910366.989832,0.096936,2910367.285903,2910367.382857
R489:2910367.094965,0.003813,2910367.382864,2910367.386682
R490:2910367.114269,0.124326,2910367.386687,2910367.511025
R491:2910367.435460,0.164599,2910367.511031,2910367.675643
R492:2910367.447466,0.429100,2910367.675649,2910368.104765
R493:2910367.470718,0.091862,2910368.104773,2910368.196647
R494:2910367.547540,0.146954,2910368.196653,2910368.343620
R495:2910367.610268,0.103706,2910368.343627,2910368.447351
R496:2910367.833151,0.017920,2910368.447358,2910368.465288
R497:2910367.885143,0.014006,2910368.465292,2910368.479308
R498:2910368.067176,0.032612,2910368.479312,2910368.511936
R499:2910368.179173,0.063366,2910368.511942,2910368.575323