0.04180500004440546
0.13348300009965897
0.018350000027567148
0.12184600019827485
0.06728499988093972
0.08260399987921119
0.060030000284314156
0.20661000022664666
0.10528399981558323
0.07782500004395843
0.023188000079244375
0.13588300021365285
0.04270200012251735
0.009603000245988369
0.020521000027656555
0.15226499969139695
0.029253999702632427
0.061916000209748745
0.30030900007113814
0.12297100014984608
0.12244699988514185
0.1851089997217059
0.03621999965980649
0.20947200013324618
0.24853499978780746
0.007501000072807074
0.09070000005885959
0.03575999988242984
0.0016880002804100513
0.0054339999333024025
0.2939980002120137
0.15860800025984645
0.06467100000008941
0.11901599960401654
0.09181899996474385
0.003341000061482191
0.22382199997082353
0.10636799968779087
0.11178999999538064
0.036423000041395426
0.01512799970805645
0.17674400005489588
0.033416999969631433
0.1865379996597767
0.0967099997214973
0.07402699999511242
0.1630609999410808
0.2147230003029108
0.1405150000937283
0.20157099980860949
0.020263000391423702
0.21061399998143315
0.177432999946177
0.047131999861449
0.027500000316649675
0.030615999829024076
0.02136299991980195
0.02694399980828166
0.04489600006490946
0.19775799987837672
0.011231000069528818
0.11909499997273088
0.22778999991714954
0.04027100000530481
0.03832900011911988
0.022027000319212675
0.023357999976724386
0.10978000005707145
0.13144499994814396
0.11390000022947788
0.2498229998163879
0.06143900007009506
0.022880000062286854
0.10993799986317754
0.28530400013551116
0.11883800011128187
0.012079000007361174
0.006792000029236078
0.019084000028669834
0.14275400014594197
0.1174090001732111
0.014315000269562006
0.019050000235438347
0.011175000108778477
0.004643999971449375
0.006284000352025032
0.21374900033697486
0.016578999813646078
0.04142600018531084
0.14276199974119663
0.067007000092417
0.050213000271469355
0.008748000022023916
0.11800199979916215
0.4047790002077818
0.17505199974402785
0.08261199994012713
0.11479699984192848
0.21627900004386902
0.14817599998787045
0.11349199991673231
0.3425199999473989
0.05731000006198883
0.14767100010067225
0.006678000092506409
0.023756999988108873
0.021689999848604202
0.03175899991765618
0.021945999935269356
0.08355800015851855
0.08776000002399087
0.29639200028032064
0.06582599971443415
0.010021999944001436
0.07482200022786856
0.049961999990046024
0.15682099992409348
0.0002720002084970474
0.07604800025001168
0.022206000052392483
0.05497800000011921
0.030322999693453312
0.016807999927550554
0.003498000092804432
0.09922999981790781
0.08459600014612079
0.017010000068694353
0.08222500002011657
0.03317800024524331
0.018838000018149614
0.09620899986475706
0.02479299996048212
0.007658000104129314
0.1749019999988377
0.008206000085920095
0.03740300005301833
0.07495800033211708
0.028398000169545412
0.028359000105410814
0.01754700019955635
0.0003110002726316452
0.033568999730050564
0.04780999990180135
0.2093759998679161
0.10008599981665611
0.09648400032892823
0.12404000014066696
0.20668700011447072
0.018968000076711178
0.06618899991735816
0.19610900012776256
0.17261500004678965
0.07154399994760752
0.026675999630242586
0.056506999768316746
0.1575170001015067
0.0286659998819232
0.09605100005865097
0.012480000033974648
0.056512000039219856
0.10736400028690696
0.020920999813824892
0.010774999856948853
0.037260000128299
0.22389600006863475
0.08109499979764223
0.142041000071913
0.03399799996986985
0.08962299954146147
0.02497000014409423
0.006294000428169966
0.08683200040832162
0.028343000449240208
0.007966000121086836
0.22713899984955788
0.02571200020611286
0.119548000395298
0.014260000083595514
0.0818859999999404
0.019425000064074993
0.046298999805003405
0.04180199978873134
0.03288700012490153
0.0848299995996058
0.03441399987787008
0.012217000126838684
0.0004679998382925987
0.1240890002809465
0.010162000078707933
0.10638999985530972
0.04969500005245209
0.1025620000436902
0.05352899990975857
0.008224999997764826
0.04023900022730231
0.08920100005343556
0.011768999975174665
0.004585999995470047
0.12651200033724308
0.04870299994945526
0.07423500018194318
0.06290500005707145
0.03744399966672063
0.18298699986189604
0.015515000093728304
0.06217100005596876
0.07557199988514185
0.14757200004532933
0.008674999698996544
0.0154939997009933
0.021302999928593636
0.028648000210523605
0.1755119999870658
0.1405790001153946
0.003084000200033188
0.12552199978381395
0.1507129999808967
0.020816000178456306
0.07899399986490607
0.09356199996545911
0.10592400003224611
0.042736999690532684
0.047439000103622675
0.04061399959027767
0.014010000042617321
0.0012260000221431255
0.040130999870598316
0.11143200006335974
0.08740600012242794
0.2100550001487136
0.13830399978905916
0.031159000005573034
0.0005020000971853733
0.15478299977257848
0.08576599974185228
0.04267300013452768
0.105746999848634
0.0943880002014339
0.0027879998087882996
0.09646000014618039
0.08040700014680624
0.06991400010883808
0.00047900015488266945
0.025270999874919653
0.16240300005301833
0.0348000000230968
0.17600600002333522
0.03131499979645014
0.017178999725729227
0.058342999778687954
0.09383099991828203
0.017676000017672777
0.10203599976375699
0.06606400012969971
0.22462600003927946
0.2176279998384416
0.22578300023451447
0.0670230002142489
0.1339750001206994
0.0752239995636046
0.44668499985709786
0.03270100010558963
0.07413100032135844
0.11869699973613024
0.13202799996361136
0.07727800030261278
0.015225000213831663
0.16692900005728006
0.09099199995398521
0.07889400003477931
0.08644800027832389
0.013381000142544508
0.0027939998544752598
0.06085299979895353
0.060314999893307686
0.05608699982985854
0.004145999904721975
0.04047499969601631
0.050150000024586916
0.0444149998947978
0.043517000041902065
0.10537100024521351
0.13970099994912744
0.04932999983429909
0.44432300003245473
0.006431999616324902
0.07579699996858835
0.020686000119894743
0.21422299975529313
0.05179299972951412
0.15842199977487326
0.24786399956792593
0.12140100030228496
0.06412600027397275
0.05410500010475516
0.0523089999333024
0.2849750001914799
0.051051000133156776
0.121199999935925
0.02482399996370077
0.27588400011882186
0.04290199978277087
0.06737300008535385
0.01766799995675683
0.03720799973234534
0.20693699968978763
0.07773400004953146
0.00969199975952506
0.018492000177502632
0.07485199999064207
0.07560399966314435
0.06858500000089407
0.023160000331699848
0.03511400008574128
0.21441800007596612
0.12272399989888072
0.22559799998998642
0.04951700009405613
0.13215799955651164
0.28101000003516674
0.02888300037011504
0.03798200003802776
0.11474400013685226
0.026569999754428864
0.01087600039318204
0.08134400006383657
0.21535499999299645
0.027646000031381845
0.018908999860286713
0.01615900034084916
0.021517000161111355
0.001164000015705824
0.010670000221580267
0.0871480000205338
0.008861000183969736
0.0061250003054738045
0.05718099977821112
0.028919000178575516
0.2029140000231564
0.017634000163525343
0.047116999980062246
0.1166629996150732
0.5166429998353124
0.061785999685525894
0.09034400014206767
0.03307799994945526
0.08670999994501472
0.004292000085115433
0.1355240000411868
0.09546100022271276
0.03128300001844764
0.029480999801307917
0.01746699959039688
0.004595000296831131
0.014283999800682068
0.012202000245451927
0.004995000082999468
0.24247599998489022
0.21610299963504076
0.024753999896347523
0.015412000007927418
0.053915000054985285
0.2170540001243353
0.0727440002374351
0.021269999910145998
0.08366799959912896
0.0014019999653100967
0.03558600042015314
0.061633999925106764
0.030584000051021576
0.0863379999063909
0.02612400008365512
0.033743999898433685
0.1186620001681149
0.09589299978688359
0.15542999980971217
0.0765209998935461
0.09187699994072318
0.1570050003938377
0.024670999962836504
0.06019699992612004
0.0787720000371337
0.1435210001654923
0.11122299963608384
0.03718400001525879
0.002013999968767166
0.05566699989140034
0.10266100009903312
0.05900899972766638
0.006792000029236078
0.055081999860703945
0.0036999997682869434
0.023415999952703714
0.07873499998822808
0.2715749996714294
0.015140000265091658
0.11799099994823337
0.0005870000459253788
0.11113899992778897
0.21320699993520975
0.12912699999287724
0.008919999934732914
0.02280699973925948
0.008332999888807535
0.02706399979069829
0.2313459999859333
0.008477000053972006
0.15551199996843934
0.09827399998903275
0.04749199980869889
0.032628999557346106
0.011612999718636274
0.03957999963313341
0.08987400028854609
0.1771670002490282
0.019737000111490488
0.0627250000834465
0.239054000005126
0.010851999744772911
0.06029300019145012
0.01981199998408556
0.014548999723047018
0.04739800002425909
0.08743799990043044
0.05165400030091405
0.1262759999372065
0.09618199989199638
0.16824499983340502
0.004030999727547169
0.01624900009483099
0.00966699980199337
0.075571000110358
0.10042800009250641
0.04349600011482835
0.07183499960228801
0.020900000352412462
0.0390730001963675
0.008567000273615122
0.04083500010892749
0.22674900013953447
0.14838699996471405
0.08403799962252378
0.08166299993172288
0.07205899991095066
0.0024969996884465218
0.07630799990147352
0.01295899972319603
0.1252109999768436
0.11077199969440699
0.09156400011852384
0.009299000259488821
0.008987999986857176
0.026273000054061413
0.02828700002282858
0.24479399994015694
0.05892599979415536
0.22953199967741966
0.029084000270813704
0.08619299996644258
0.022090000100433826
0.08271299954503775
0.13972399989143014
0.002407999709248543
0.08011400001123548
0.12410199968144298
0.006669000256806612
0.01581400027498603
0.03717599995434284
0.03966700006276369
0.008847000077366829
0.1696720002219081
0.009171000216156244
0.11543300002813339
0.03809099970385432
0.026486999820917845
0.0059009999968111515
0.04717699997127056
0.09363099979236722
0.05317299999296665
0.02118699997663498
0.0716540003195405
0.011231999844312668
0.054521999787539244
0.017829000018537045
0.0119420001283288
0.017016000114381313
0.19253499992191792
0.13779200008139014
0.09693899983540177
0.0038169999606907368
0.12432800000533462
0.16460199980065227
0.42912299977615476
0.09186699986457825
0.1469609998166561
0.10371199995279312
0.01792600005865097
0.01401099981740117
0.032614999916404486
0.06337099988013506