0.04182399995625019
0.13348399987444282
0.018343999981880188
0.12184499995782971
0.06728400010615587
0.08260399987921119
0.06002999981865287
0.20660899998620152
0.10528299957513809
0.07782500004395843
0.0231910003349185
0.13588300021365285
0.04270200012251735
0.009603000245988369
0.020522000268101692
0.15226499969139695
0.0292560001835227
0.06191499996930361
0.30030500004068017
0.12297199992462993
0.12244499986991286
0.18510999996215105
0.0362179996445775
0.20947200013324618
0.24853300023823977
0.007499999832361937
0.09070100029930472
0.035760000348091125
0.001703999936580658
0.0054350001737475395
0.29399600019678473
0.15860800025984645
0.06467100000008941
0.11901600006967783
0.09181899996474385
0.0033409995958209038
0.2238209997303784
0.10636699991300702
0.11179099977016449
0.03642199980095029
0.01512600015848875
0.1767439995892346
0.033415999729186296
0.18653699988499284
0.09671099996194243
0.07402699999511242
0.16306199971586466
0.21472299983724952
0.1405150000937283
0.20157099980860949
0.020262999925762415
0.210614999756217
0.17743200017139316
0.04713200032711029
0.027499999850988388
0.030617999844253063
0.02136299991980195
0.02694399980828166
0.04489499982446432
0.19775700010359287
0.011231999844312668
0.11909399973228574
0.22778799990192056
0.04026699997484684
0.038327999878674746
0.02203000010922551
0.023358000442385674
0.1097880001179874
0.1314460001885891
0.11390100000426173
0.2498209998011589
0.06143999984487891
0.022880000062286854
0.10993799986317754
0.28530400013551116
0.11883800011128187
0.012079000007361174
0.006792000029236078
0.019084999803453684
0.14275399968028069
0.11740999994799495
0.014314999803900719
0.01904899999499321
0.011172999627888203
0.004632000345736742
0.006260000169277191
0.21374800009652972
0.01657800003886223
0.04142600018531084
0.14276099996641278
0.06700799986720085
0.050214999821037054
0.008750000037252903
0.11799499997869134
0.4047769997268915
0.17505200020968914
0.08261300018057227
0.11479900032281876
0.21627900004386902
0.1481769997626543
0.11349000036716461
0.3425219999626279
0.05730900028720498
0.14767100010067225
0.006680000107735395
0.023760000243782997
0.021689999848604202
0.03175899991765618
0.02193600032478571
0.08355299988761544
0.08775800000876188
0.29639200028032064
0.06582800019532442
0.010021999944001436
0.07481999974697828
0.049961999990046024
0.1568189999088645
0.0002709999680519104
0.07604599976912141
0.022206000052392483
0.05497099971398711
0.03031799988821149
0.016799000091850758
0.0034799999557435513
0.09923099959269166
0.08459600014612079
0.01701100030913949
0.08222000021487474
0.0331729999743402
0.01883499976247549
0.09620899986475706
0.02479299996048212
0.007668999955058098
0.1749019999988377
0.008206000085920095
0.03740300005301833
0.0749579998664558
0.02840099995955825
0.028352000284940004
0.01754299970343709
0.0003110002726316452
0.03356500016525388
0.0478090001270175
0.20937300007790327
0.10008500004187226
0.09648199984803796
0.12404000014066696
0.20668599987402558
0.018969000317156315
0.06618800014257431
0.19610700011253357
0.1726140002720058
0.07154500018805265
0.026676000095903873
0.05650800000876188
0.1575099998153746
0.028667999897152185
0.09605199983343482
0.012480000033974648
0.056512000039219856
0.10735900001600385
0.02092700032517314
0.010774999856948853
0.037260000128299
0.22389600006863475
0.08109500026330352
0.14203999983146787
0.033997000195086
0.0896169999614358
0.024972000159323215
0.006277000065892935
0.08682599989697337
0.028340999968349934
0.007964999880641699
0.22713999962434173
0.025711999740451574
0.11954799992963672
0.014260000083595514
0.08188699977472425
0.019417000003159046
0.046298000030219555
0.0417989999987185
0.03288399986922741
0.08483000006526709
0.03441399987787008
0.01221300009638071
0.00047900015488266945
0.12408800004050136
0.010159000288695097
0.10638900008052588
0.0496949995867908
0.1025620000436902
0.053531999699771404
0.008222999982535839
0.040237999986857176
0.08920000027865171
0.011768999975174665
0.0045910002663731575
0.12651100009679794
0.04870300041511655
0.0742310001514852
0.06290300004184246
0.037444000132381916
0.18298000004142523
0.015509999822825193
0.06217100005596876
0.0755729996599257
0.1475709998048842
0.008674999698996544
0.015494999941438437
0.021302999928593636
0.028648000210523605
0.1755119999870658
0.1405789996497333
0.003084000200033188
0.1255230000242591
0.15071399975568056
0.020813999697566032
0.07899300009012222
0.09356300020590425
0.10592400003224611
0.04273600038141012
0.047433999832719564
0.040616000071167946
0.014008999802172184
0.0012239995412528515
0.040130000095814466
0.11143200006335974
0.08740599965676665
0.21005599992349744
0.13830400025472045
0.031163000036031008
0.0005049998871982098
0.15477999998256564
0.08576699998229742
0.04267000034451485
0.105746999848634
0.09438799973577261
0.0027899998240172863
0.09645899990573525
0.08040900016203523
0.06991400010883808
0.0004779999144375324
0.025270000100135803
0.16240299958735704
0.03480099979788065
0.17600600002333522
0.031316000036895275
0.017179000191390514
0.05834300024434924
0.09383200015872717
0.017677000258117914
0.10203599976375699
0.06606500037014484
0.22461900021880865
0.2176279998384416
0.2257829997688532
0.06702299974858761
0.1339750001206994
0.0752220000140369
0.44668500032275915
0.032697000075131655
0.07413300033658743
0.1186939999461174
0.13202799996361136
0.07727900007739663
0.015225999988615513
0.16692799981683493
0.0909939999692142
0.07889500027522445
0.08644700003787875
0.013381999917328358
0.00279300007969141
0.06084599997848272
0.06031199963763356
0.05608299979940057
0.004145999904721975
0.0404679998755455
0.050144999753683805
0.04440800007432699
0.043517000041902065
0.10537200001999736
0.13970000017434359
0.049330000299960375
0.44432300003245473
0.006430999841541052
0.07579700043424964
0.020686000119894743
0.21422300022095442
0.05179300019517541
0.1584230000153184
0.2478519999422133
0.12140100030228496
0.06412499956786633
0.05410599987953901
0.05230999970808625
0.28497799998149276
0.0510489996522665
0.12119799992069602
0.024822999723255634
0.2758849998936057
0.04290200024843216
0.06737300008535385
0.01766700018197298
0.037204999942332506
0.20693599991500378
0.0777350002899766
0.00969199975952506
0.018492000177502632
0.07485199999064207
0.07560099987313151
0.06858299998566508
0.02315900009125471
0.03511499986052513
0.21441800007596612
0.12272399989888072
0.22559799998998642
0.04951700009405613
0.13215800002217293
0.2810089997947216
0.028882000129669905
0.0379830002784729
0.11474400013685226
0.0265690004453063
0.010873999912291765
0.08133800001814961
0.2153489999473095
0.02764300024136901
0.018908000085502863
0.016158000100404024
0.021518999710679054
0.0011660000309348106
0.010652999859303236
0.08714199997484684
0.008861999958753586
0.006108999717980623
0.05717799998819828
0.02891799993813038
0.2029140000231564
0.017634000163525343
0.0471160002052784
0.11666199984028935
0.5166440000757575
0.061784999910742044
0.09034499991685152
0.03307999996468425
0.08670899970456958
0.004290000069886446
0.13552200002595782
0.09545900020748377
0.03128100000321865
0.029481000266969204
0.01746700005605817
0.00457700015977025
0.014261000324040651
0.012199999764561653
0.004983999766409397
0.24247399996966124
0.2161039998754859
0.024753000121563673
0.015412000007927418
0.053914000280201435
0.21705499989911914
0.07274199975654483
0.021269999910145998
0.08366999961435795
0.0014019999653100967
0.03558799996972084
0.06162999989464879
0.030584000051021576
0.08633699966594577
0.026126999873667955
0.033743000123649836
0.11866099992766976
0.0958909997716546
0.1554330000653863
0.07651899987831712
0.09187800018116832
0.15699200006201863
0.024669999722391367
0.060195999685674906
0.07877299981191754
0.1435210001654923
0.11122300010174513
0.03718599956482649
0.002013999968767166
0.055668000131845474
0.10265999985858798
0.05900899972766638
0.006790999788790941
0.05508399987593293
0.0036999997682869434
0.023412000387907028
0.07873700000345707
0.27157400036230683
0.015137000009417534
0.11799099994823337
0.0005870000459253788
0.11113400012254715
0.21320399967953563
0.1291279997676611
0.008919999934732914
0.022795999888330698
0.008326000068336725
0.027065000031143427
0.23134500021114945
0.008477000053972006
0.1555110001936555
0.09827399998903275
0.04749200027436018
0.03263199981302023
0.011613999959081411
0.039575000293552876
0.08987400028854609
0.17716800002381206
0.019738000351935625
0.0627250000834465
0.23905500024557114
0.010854000225663185
0.06029300019145012
0.019809000194072723
0.014545999933034182
0.04739800002425909
0.08743700012564659
0.051656000316143036
0.12627500016242266
0.09618199989199638
0.16824400005862117
0.004029999952763319
0.01624999986961484
0.009668999817222357
0.075571000110358
0.10042799962684512
0.04349499987438321
0.07183600030839443
0.02089000027626753
0.03906899970024824
0.008572000078856945
0.04082900006324053
0.22674399986863136
0.1483879997394979
0.08403800008818507
0.08166300039738417
0.0720600001513958
0.002495999913662672
0.07630500011146069
0.012967000249773264
0.12520600017160177
0.11077000014483929
0.09156400011852384
0.009299000259488821
0.008987999986857176
0.02626900002360344
0.02828700002282858
0.2447930001653731
0.05892599979415536
0.22953200014308095
0.029083999805152416
0.08619399974122643
0.022092000115662813
0.08271399978548288
0.13972199987620115
0.002405999694019556
0.08011400001123548
0.12409800011664629
0.006659999955445528
0.015811000019311905
0.037173999939113855
0.03966800030320883
0.008847000077366829
0.16967099998146296
0.009171000216156244
0.11543500004336238
0.03808399988338351
0.026477999985218048
0.0058929999358952045
0.04717399971559644
0.09363000001758337
0.0531720002181828
0.02118099993094802
0.07165499962866306
0.011233999859541655
0.054521000012755394
0.017827000003308058
0.011944000143557787
0.01701899990439415
0.19253599969670177
0.13779400009661913
0.09693900030106306
0.003816000185906887
0.12432800000533462
0.1646030000410974
0.42910500010475516
0.09186599962413311
0.14695699978619814
0.10370900016278028
0.017922000028192997
0.014010000042617321
0.032614999916404486
0.06336800009012222
Total sum of second timestamps: 40.66613100003451
