0.041815000120550394
0.13348500011488795
0.01834300020709634
0.12184599973261356
0.06728499988093972
0.08260399987921119
0.060030000284314156
0.20660899998620152
0.10528300004079938
0.07782599981874228
0.023189000319689512
0.1358839999884367
0.042704999912530184
0.009604000020772219
0.02052399981766939
0.1522690001875162
0.029254999943077564
0.06191499996930361
0.3003060002811253
0.12296999990940094
0.12244499986991286
0.18510999996215105
0.03621800011023879
0.20947299990803003
0.24853300023823977
0.0075079998932778835
0.09070799965411425
0.0357659999281168
0.0016880002804100513
0.0054339999333024025
0.2940210001543164
0.15861100004985929
0.06467100000008941
0.11901599960401654
0.09182099997997284
0.003342000301927328
0.22382300021126866
0.10636800015345216
0.11179100023582578
0.036422000266611576
0.0151269999332726
0.17674499982967973
0.03341800021007657
0.18653699988499284
0.09671199973672628
0.07402699999511242
0.1630609999410808
0.21472100028768182
0.1405150000937283
0.20157200004905462
0.02026600018143654
0.21061399998143315
0.177432999946177
0.04713200032711029
0.027501000091433525
0.0306190000846982
0.021364999935030937
0.02694300003349781
0.04489499982446432
0.19775700010359287
0.011233000084757805
0.11909499997273088
0.22778800036758184
0.040270000230520964
0.03833100013434887
0.022028999868780375
0.023357999976724386
0.10978000005707145
0.1314460001885891
0.11390100000426173
0.24982200004160404
0.06143900007009506
0.022880000062286854
0.10993700008839369
0.285302999895066
0.11883699987083673
0.012076999992132187
0.006789000239223242
0.019082000013440847
0.14275499992072582
0.1174090001732111
0.014314000029116869
0.019047999754548073
0.01117300009354949
0.004630999639630318
0.006256999913603067
0.21374099981039762
0.01657800003886223
0.041424999944865704
0.14276200020685792
0.06700600031763315
0.050214000046253204
0.008750000037252903
0.11799499997869134
0.4047770001925528
0.17505199974402785
0.08261199994012713
0.11479800008237362
0.21627800026908517
0.14817800000309944
0.11349100014194846
0.3425199999473989
0.05731000006198883
0.1476719998754561
0.006680000107735395
0.02375800022855401
0.021689000073820353
0.031758000142872334
0.02193600032478571
0.08355399966239929
0.08775800000876188
0.29639199981465936
0.06582699995487928
0.01001999992877245
0.07482099998742342
0.049961999990046024
0.15682000014930964
0.0002720002084970474
0.0760460002347827
0.022206000052392483
0.05497199995443225
0.030318000353872776
0.01679899962618947
0.0034779999405145645
0.09922500001266599
0.08459600014612079
0.017010000068694353
0.08221899997442961
0.03317199973389506
0.01882700016722083
0.09620400005951524
0.02478699991479516
0.007646000012755394
0.17489399993792176
0.008206000085920095
0.037401999812573195
0.07495800033211708
0.0284000001847744
0.028353000059723854
0.01753699965775013
0.0003019999712705612
0.03356900019571185
0.04780799988657236
0.20937499962747097
0.10008500004187226
0.09648399986326694
0.12403899990022182
0.20668500009924173
0.018968999851495028
0.06618999969214201
0.19610899966210127
0.17261300003156066
0.07154399994760752
0.026674999855458736
0.056506999768316746
0.15751300007104874
0.028667000122368336
0.09605300007387996
0.012482000049203634
0.05651100026443601
0.10735900001600385
0.020918000023812056
0.010774999856948853
0.03725300030782819
0.22389600006863475
0.08109699981287122
0.14204200031235814
0.033996999729424715
0.08961899997666478
0.024972000159323215
0.006276000291109085
0.08682799991220236
0.028340999968349934
0.007967000361531973
0.22713800007477403
0.025710000190883875
0.1195499999448657
0.014261000324040651
0.0818859999999404
0.019417000003159046
0.046291999984532595
0.041795999743044376
0.03289099968969822
0.08482900029048324
0.034411000087857246
0.012214000336825848
0.00047900015488266945
0.12409099983051419
0.01015899982303381
0.10638999985530972
0.04969399981200695
0.1025620000436902
0.05353200016543269
0.008222999982535839
0.04025500034913421
0.08920299960300326
0.011768999975174665
0.004600999876856804
0.12651799991726875
0.04870200017467141
0.0742310001514852
0.06290399981662631
0.037444000132381916
0.18298200005665421
0.015512000303715467
0.06217100005596876
0.07557099964469671
0.14757200004532933
0.008674999698996544
0.015494999941438437
0.02129400009289384
0.028640999924391508
0.17551499977707863
0.14057999989017844
0.0030869999900460243
0.1255230000242591
0.1507219998165965
0.020813999697566032
0.07899399986490607
0.09356299974024296
0.10592299979180098
0.04273799993097782
0.04743400029838085
0.04061400005593896
0.014009000267833471
0.0012249997816979885
0.040130999870598316
0.1114309998229146
0.08740799967199564
0.21005599992349744
0.13830599980428815
0.031159000005573034
0.0005050003528594971
0.15477799996733665
0.08576700044795871
0.042671000119298697
0.10574600007385015
0.0943880002014339
0.0027900002896785736
0.0964580001309514
0.08040600037202239
0.06991400010883808
0.00047900015488266945
0.02527100034058094
0.16240300005301833
0.03479999955743551
0.17600600002333522
0.031316000036895275
0.017178999725729227
0.058342999778687954
0.09383099991828203
0.017676000017672777
0.10203600022941828
0.06606499990448356
0.2246199999935925
0.21762900007888675
0.22578199999406934
0.06702399998903275
0.1339770001359284
0.0752220000140369
0.446686000097543
0.03270000033080578
0.07413099985569715
0.11869499972090125
0.1320309997536242
0.07727700006216764
0.015223000198602676
0.16692899959161878
0.09099300019443035
0.07889400003477931
0.08644900005310774
0.013383999932557344
0.0027939998544752598
0.06084599997848272
0.06031200010329485
0.056084000039845705
0.004145000129938126
0.0404679998755455
0.05014500021934509
0.04440899984911084
0.04351599980145693
0.10537000000476837
0.13970200018957257
0.04933099960908294
0.4443239998072386
0.006432999856770039
0.0757960001938045
0.020685999654233456
0.21422199998050928
0.05179399996995926
0.15842399979010224
0.2478519999422133
0.12140100030228496
0.06412699958309531
0.05410500010475516
0.05231000017374754
0.28497799998149276
0.05104999989271164
0.12119900016114116
0.024821000173687935
0.2758849998936057
0.042905999813228846
0.06737199984490871
0.017666999716311693
0.037210999988019466
0.20693500014021993
0.07773499982431531
0.009692999999970198
0.018492000177502632
0.07485300023108721
0.07560200011357665
0.06858299998566508
0.023161000106483698
0.03511500032618642
0.21441800007596612
0.12272500013932586
0.22559799998998642
0.04951799986883998
0.13215900026261806
0.2810110002756119
0.028882999904453754
0.03798000002279878
0.11474299989640713
0.026568000204861164
0.010873000137507915
0.0813400000333786
0.21534799970686436
0.027640999760478735
0.018908999860286713
0.016158999875187874
0.021516000386327505
0.001164000015705824
0.010652000084519386
0.08714199997484684
0.008861999958753586
0.006101000122725964
0.05717300018295646
0.028915000148117542
0.20290799997746944
0.017634999938309193
0.04711599973961711
0.11666400032117963
0.5166430003009737
0.061784999910742044
0.09034500038251281
0.03307799994945526
0.08670799992978573
0.0042929998598992825
0.13552099978551269
0.09545799996703863
0.0312819997780025
0.029480000026524067
0.01746500004082918
0.004576999694108963
0.014260000083595514
0.01220100000500679
0.004985999781638384
0.24246999993920326
0.2161039998754859
0.024753999896347523
0.015411000233143568
0.053915000054985285
0.217053999658674
0.07274199975654483
0.02126700012013316
0.0836689998395741
0.0014019999653100967
0.03558799996972084
0.061626000329852104
0.030584000051021576
0.0863379999063909
0.026116000022739172
0.033737999852746725
0.11865800013765693
0.09589200001209974
0.15542900003492832
0.07652000011876225
0.09187799971550703
0.15699199959635735
0.024670000188052654
0.06019699992612004
0.07877299981191754
0.1435210001654923
0.11122299963608384
0.037186000030487776
0.002012999728322029
0.05566699989140034
0.10266199987381697
0.05900799995288253
0.006793000269681215
0.05508300010114908
0.0036989999935030937
0.023407000117003918
0.07873599976301193
0.2715699998661876
0.01513999979943037
0.11799099994823337
0.0005860002711415291
0.11113400012254715
0.21320499991998076
0.1291259997524321
0.008919999934732914
0.022796000353991985
0.008323000278323889
0.027057000435888767
0.2313370001502335
0.00847400026395917
0.1555129997432232
0.09826799994334579
0.04749100003391504
0.03262999979779124
0.011605000123381615
0.039570999797433615
0.08987300004810095
0.17716800002381206
0.01973599987104535
0.06272399984300137
0.23905500024557114
0.010854000225663185
0.06029199995100498
0.019809999968856573
0.014546999707818031
0.047396000009030104
0.08743799990043044
0.05165300006046891
0.1262759999372065
0.09618299966678023
0.1682450002990663
0.004029999952763319
0.01624900009483099
0.009668999817222357
0.075571000110358
0.10042899986729026
0.04349600011482835
0.07183499960228801
0.020891999825835228
0.03906299965456128
0.008549000136554241
0.04082999983802438
0.22674199985340238
0.1483879997394979
0.08403799962252378
0.08166299993172288
0.07206099992617965
0.002495999913662672
0.07629999984055758
0.012953000143170357
0.12520599970594049
0.110769999679178
0.09156400011852384
0.009298000019043684
0.008987999986857176
0.026264999993145466
0.02828000020235777
0.24479399994015694
0.05892600025981665
0.22953399969264865
0.029085000045597553
0.08619400020688772
0.022091000340878963
0.08271700004115701
0.1397230001166463
0.0024060001596808434
0.08010799996554852
0.12410000013187528
0.0066559999249875546
0.015802000183612108
0.03716699965298176
0.039665999822318554
0.008845000062137842
0.169662999920547
0.00916799996048212
0.11543399980291724
0.038082999642938375
0.026477999985218048
0.005890999920666218
0.04716699989512563
0.0936329998075962
0.05317299999296665
0.02118199970573187
0.07165700010955334
0.011233999859541655
0.054521000012755394
0.017827000003308058
0.011940999887883663
0.017016999889165163
0.1925370004028082
0.13779400009661913
0.09694299986585975
0.003816000185906887
0.12432899978011847
0.16460100002586842
0.4291040003299713
0.09186599962413311
0.14695699978619814
0.10370999993756413
0.017923000268638134
0.014008000027388334
0.032614999916404486
0.06336899986490607
Total sum of second timestamps: 40.66592099890113
