0.041821000166237354
0.13350499980151653
0.018366999924182892
0.12186100007966161
0.06731300009414554
0.0826230002567172
0.06005199998617172
0.2066359999589622
0.10531200002878904
0.0778539995662868
0.023213999811559916
0.13589499983936548
0.04272100003436208
0.00963599979877472
0.020552000030875206
0.1522889998741448
0.02928299969062209
0.06193799991160631
0.30033500026911497
0.12298400001600385
0.12247100006788969
0.1851359996944666
0.03623900003731251
0.20949700009077787
0.24855400016531348
0.007508999668061733
0.09072300000116229
0.03578499983996153
0.0017269998788833618
0.0054720002226531506
0.2940179998986423
0.1586249996908009
0.06468599988147616
0.11903200019150972
0.09183199983090162
0.0033680000342428684
0.22384299989789724
0.10638899961486459
0.11181000014767051
0.03643799992278218
0.015154999680817127
0.17676900001242757
0.033429999835789204
0.18655799981206656
0.09672700008377433
0.07404999993741512
0.1630859998986125
0.21474700001999736
0.14054000005126
0.20159499999135733
0.020289000123739243
0.21064199972897768
0.17745300009846687
0.047143000178039074
0.027533999644219875
0.030648000072687864
0.021396999713033438
0.026965999975800514
0.044916999991983175
0.19777299975976348
0.011234000325202942
0.11911199986934662
0.22780299978330731
0.04029100015759468
0.03835600009188056
0.02205000026151538
0.02337900036945939
0.10980099998414516
0.1314869998022914
0.11392399994656444
0.24986100010573864
0.06145700020715594
0.022890000138431787
0.10994999995455146
0.28533999994397163
0.11886000027880073
0.012118000071495771
0.006822000257670879
0.019102000165730715
0.14277599984779954
0.11742699984461069
0.01434500003233552
0.019070999696850777
0.011203999631106853
0.00467100040987134
0.006296999752521515
0.2137609999626875
0.016586000099778175
0.0414410000666976
0.14278500014916062
0.06702800001949072
0.05023599974811077
0.008796000387519598
0.11802300019189715
0.40481899958103895
0.17507099965587258
0.08263499988242984
0.11482199979946017
0.2162950001657009
0.14820399973541498
0.113516999874264
0.3425480001606047
0.05733500001952052
0.14768900023773313
0.0067010000348091125
0.023793000262230635
0.02172100031748414
0.03178799990564585
0.021959000267088413
0.08357000024989247
0.08776899985969067
0.2964190002530813
0.0658550001680851
0.010052999947220087
0.07484699971973896
0.04998800018802285
0.15684499964118004
0.00031400006264448166
0.07607100019231439
0.022231000009924173
0.05499700037762523
0.030344000086188316
0.01683500036597252
0.003527000080794096
0.09925600001588464
0.08462299965322018
0.017041000071913004
0.08224800042808056
0.03319999994710088
0.018883000127971172
0.09622999979183078
0.024813999887555838
0.007694000378251076
0.17492299992591143
0.00823599984869361
0.03743099980056286
0.07498299982398748
0.02842599991708994
0.028382000047713518
0.017569000367075205
0.00034799985587596893
0.03359199967235327
0.047824000008404255
0.20939600002020597
0.10011200001463294
0.09650300024077296
0.12406499963253736
0.20671600010246038
0.018993999809026718
0.06621100008487701
0.1961280000396073
0.17264499980956316
0.0715709999203682
0.026699999812990427
0.056531999725848436
0.15753900026902556
0.028692000079900026
0.09607699979096651
0.012505999766290188
0.056539000011980534
0.10738199995830655
0.020943999756127596
0.010812000371515751
0.03727999981492758
0.2239199997857213
0.08112600026652217
0.14206800004467368
0.03402399970218539
0.08965100022032857
0.02499699965119362
0.006324999965727329
0.08685000007972121
0.02836000034585595
0.00800199992954731
0.22716300003230572
0.025736999697983265
0.1195749999023974
0.014285000041127205
0.08191099995747209
0.01944699976593256
0.04631700040772557
0.04182300018146634
0.03290800005197525
0.08485700003802776
0.03443600004538894
0.012223000172525644
0.0005000000819563866
0.12410699995234609
0.010194000322371721
0.1064079999923706
0.04971399996429682
0.10257899994030595
0.05355100007727742
0.008264000061899424
0.040257999673485756
0.08923000004142523
0.011808000039309263
0.004622000269591808
0.1265349998138845
0.04872999992221594
0.07425400009378791
0.06293000001460314
0.037469999864697456
0.18301300005987287
0.015538000036031008
0.06219800002872944
0.07559800008311868
0.1476079998537898
0.008708999957889318
0.015520000364631414
0.02132699964568019
0.02867199992761016
0.17553800018504262
0.1406020000576973
0.0031150002032518387
0.1255529997870326
0.1507399999536574
0.020834000315517187
0.07902200007811189
0.09358899993821979
0.10593999968841672
0.042760999873280525
0.047464000061154366
0.04064400028437376
0.014030999969691038
0.0012719999067485332
0.04015599982813001
0.11145900003612041
0.08743499964475632
0.21008900040760636
0.13833100022748113
0.0311879999935627
0.0005359998904168606
0.15480299992486835
0.08579000039026141
0.04269600007683039
0.10577400028705597
0.09441900020465255
0.0028280001133680344
0.09649100014939904
0.08042500028386712
0.06994300009682775
0.000512000173330307
0.025282999966293573
0.162432000041008
0.034829000011086464
0.17603799980133772
0.03133899997919798
0.017202999908477068
0.05836999975144863
0.09385399986058474
0.017697999719530344
0.10206700023263693
0.0660890000872314
0.22465099999681115
0.2176599996164441
0.22581400023773313
0.06704899994656444
0.1340069998987019
0.07524099992588162
0.4467180003412068
0.032722999807447195
0.07415799982845783
0.11871800012886524
0.13206199975684285
0.07730600005015731
0.015248999930918217
0.16695800004526973
0.09101600013673306
0.07892300002276897
0.08647600002586842
0.013402999844402075
0.002832000143826008
0.060871999710798264
0.06033000024035573
0.056114000268280506
0.004164999816566706
0.040496000088751316
0.05017000017687678
0.04443900007754564
0.04354400001466274
0.10540100000798702
0.1397230001166463
0.04935900028795004
0.4443550002761185
0.0064580002799630165
0.07581500010564923
0.02070799982175231
0.2142519997432828
0.05182200018316507
0.1584549997933209
0.2478820001706481
0.1214339998550713
0.06415699981153011
0.05413300031796098
0.05233700014650822
0.28500799974426627
0.05106800002977252
0.12122600013390183
0.024848000146448612
0.2759130001068115
0.0429279999807477
0.06739700026810169
0.017688999883830547
0.037237999960780144
0.2069640001282096
0.07776399981230497
0.009711000137031078
0.018522000405937433
0.07488200021907687
0.0756330001167953
0.06860300013795495
0.02318000001832843
0.03513900004327297
0.21443000016734004
0.12273800000548363
0.2256249999627471
0.04954899987205863
0.1321849999949336
0.28104000026360154
0.028914999682456255
0.0380150000564754
0.1147680003196001
0.0266010002233088
0.010919000022113323
0.0813629999756813
0.21538199996575713
0.027683000080287457
0.018939000088721514
0.016188000328838825
0.021548999939113855
0.0011920002289116383
0.010704000014811754
0.08717000018805265
0.008900000248104334
0.0061439997516572475
0.057200000155717134
0.028945999685674906
0.2029369999654591
0.017659999895840883
0.04713899968191981
0.11668100021779537
0.51667599985376
0.06180799985304475
0.09035999979823828
0.033106999937444925
0.08673299988731742
0.004333000164479017
0.13555000023916364
0.0954869999550283
0.0313120000064373
0.02951599983498454
0.01751000015065074
0.004627999849617481
0.014305999968200922
0.012238999828696251
0.005038000177592039
0.24249899992719293
0.21613600011914968
0.02477400004863739
0.015442000236362219
0.05394400004297495
0.21708500012755394
0.0727760000154376
0.021298000123351812
0.08369600027799606
0.001428999938070774
0.03562500001862645
0.061653999611735344
0.030611999798566103
0.08636499987915158
0.026147000025957823
0.0337720001116395
0.11868299962952733
0.09592100000008941
0.1554610002785921
0.07653400022536516
0.09190799994394183
0.1570190000347793
0.024701999966055155
0.06022499967366457
0.07879600021988153
0.14355399971827865
0.11125300033017993
0.03721300000324845
0.002059000078588724
0.055693000089377165
0.10268000001087785
0.05903899995610118
0.0068259998224675655
0.055112999863922596
0.003721000161021948
0.023440000135451555
0.07876800000667572
0.2716010003350675
0.015161000192165375
0.11801999993622303
0.0006140000186860561
0.11115400027483702
0.21323700016364455
0.12916099978610873
0.008937000297009945
0.022829999681562185
0.008365999907255173
0.027077000122517347
0.231370999943465
0.00848700013011694
0.155542999971658
0.09829599969089031
0.047521000262349844
0.03266100026667118
0.011640000157058239
0.03959900001063943
0.08990200003609061
0.17719799978658557
0.019745999947190285
0.06275400007143617
0.2390859997831285
0.010883999988436699
0.06031899992376566
0.01982400007545948
0.014573000371456146
0.04742299998179078
0.08747000014409423
0.05167100019752979
0.12629499984905124
0.0961939999833703
0.16827299958094954
0.004056000150740147
0.01628000009804964
0.009715000167489052
0.07559999963268638
0.10046100011095405
0.043523999862372875
0.07186800008639693
0.02092200005427003
0.039096999913454056
0.0085940002463758
0.040856000036001205
0.2267699996009469
0.1484179999679327
0.08406799985095859
0.08169300016015768
0.07209300016984344
0.0025199996307492256
0.07632699981331825
0.01298999972641468
0.1252269996330142
0.11079700011759996
0.09159000031650066
0.009324999991804361
0.009033999871462584
0.02629399998113513
0.028307000175118446
0.2448280001990497
0.05895099975168705
0.22955999989062548
0.029103000182658434
0.08621900016441941
0.022120000328868628
0.08274099975824356
0.13975200010463595
0.002445000223815441
0.08013099990785122
0.12412500008940697
0.006690000183880329
0.015835000202059746
0.037199999671429396
0.03969399956986308
0.00888499990105629
0.16968999989330769
0.009214000310748816
0.11546099977567792
0.03811599966138601
0.026511999778449535
0.005922999698668718
0.04719599988311529
0.09364699991419911
0.05318699963390827
0.021207000128924847
0.07167300023138523
0.011256999801844358
0.054545999970287085
0.01784500014036894
0.011979999952018261
0.017040000297129154
0.19255700008943677
0.13781700003892183
0.09696100000292063
0.003851999994367361
0.12435500044375658
0.1646279999986291
0.4291199999861419
0.09188399976119399
0.1469950000755489
0.10374099994078279
0.01795700006186962
0.014047000091522932
0.03264800040051341
0.06339800031855702
Total sum of second timestamps: 40.67935300339013
