0.04182500019669533
0.13350100023671985
0.018366999924182892
0.12186199985444546
0.06731399986892939
0.08263099985197186
0.060056999791413546
0.20663100015372038
0.10531400004401803
0.07784599997103214
0.02319999970495701
0.13589200004935265
0.042710000183433294
0.009604999795556068
0.020529000088572502
0.152280000038445
0.029281000141054392
0.06193900015205145
0.3003309997729957
0.12299600010737777
0.1224690000526607
0.18513600016012788
0.03624399984255433
0.20949899964034557
0.24856500001624227
0.007511000148952007
0.0907299998216331
0.035779000259935856
0.001726000104099512
0.005470000207424164
0.29401500010862947
0.15862999996170402
0.0646959999576211
0.11904200026765466
0.09184500016272068
0.003373000305145979
0.223855999764055
0.10639299964532256
0.11182500002905726
0.036448999773710966
0.015164999756962061
0.17676600022241473
0.03344500018283725
0.18656399985775352
0.09672900009900331
0.07405199995264411
0.1630910001695156
0.21474900003522635
0.14054100029170513
0.20159599976614118
0.020287999883294106
0.21064200019463897
0.1774579999037087
0.047149999998509884
0.02752400003373623
0.03064499981701374
0.02138799987733364
0.026970000006258488
0.04492100002244115
0.1977830003015697
0.011241999920457602
0.11910999985411763
0.2278189999051392
0.04029399994760752
0.03835300030186772
0.022054000291973352
0.023381000384688377
0.10980299999937415
0.1314550000242889
0.11390700004994869
0.24983200011774898
0.06145499972626567
0.02288899989798665
0.10994800040498376
0.28532899962738156
0.11886799987405539
0.012109000235795975
0.006819999776780605
0.019113999791443348
0.1427750000730157
0.1174339996650815
0.01433999976143241
0.019075000192970037
0.011220000218600035
0.004676999989897013
0.006305000279098749
0.21376700000837445
0.016591000370681286
0.041449999902397394
0.1427870001643896
0.0670300000347197
0.05023699998855591
0.00878300005570054
0.11802100017666817
0.40480799973011017
0.1750689996406436
0.08262999961152673
0.11481999978423119
0.21630199998617172
0.1482159998267889
0.11351299984380603
0.34254199964925647
0.05733599979430437
0.14769600005820394
0.006686000153422356
0.023781999945640564
0.021720999851822853
0.031783000100404024
0.021964999847114086
0.08356999978423119
0.0877700001001358
0.29640799993649125
0.06585300015285611
0.01004499988630414
0.07484699971973896
0.049980999901890755
0.15684300009161234
0.000295999925583601
0.07606999995186925
0.022230000235140324
0.05499699991196394
0.03034200007095933
0.016827000305056572
0.003511999733746052
0.09925100021064281
0.08462199987843633
0.01703700004145503
0.08224500017240644
0.03319399990141392
0.018856000155210495
0.09623000025749207
0.024813999887555838
0.007689000107347965
0.1749230003915727
0.008214000146836042
0.03743500029668212
0.07498000003397465
0.028427999932318926
0.02838100027292967
0.017562999855726957
0.00034499960020184517
0.033592000138014555
0.047829000279307365
0.20940499985590577
0.10011100023984909
0.09650499979034066
0.12406399985775352
0.20672600017860532
0.018994000274688005
0.06621100008487701
0.19612500024959445
0.17263300018385053
0.0715709999203682
0.0267039998434484
0.05653299996629357
0.15754000004380941
0.028694999869912863
0.0960789998061955
0.012496999930590391
0.056539000011980534
0.10739099979400635
0.02094099996611476
0.010804999619722366
0.037286000326275826
0.22391900001093745
0.08110899990424514
0.14206999959424138
0.034026000183075666
0.08964499970898032
0.02499500010162592
0.006315000355243683
0.08685499988496304
0.028358999639749527
0.00799599988386035
0.2271599997766316
0.025734000373631716
0.11957400012761354
0.014289000071585178
0.08190999971702695
0.01944500021636486
0.04631999973207712
0.04181900015100837
0.032906000036746264
0.08485300000756979
0.034425999969244
0.012236000038683414
0.0004980000667273998
0.1241049999371171
0.010191000066697598
0.10641099978238344
0.04971199994906783
0.10258000018075109
0.053549999836832285
0.008242000360041857
0.040264000184834
0.08921499969437718
0.01180400000885129
0.0046179997734725475
0.12653600005432963
0.04872399987652898
0.07425200007855892
0.06292200041934848
0.037476000376045704
0.18300099996849895
0.0155239999294281
0.06219700025394559
0.0756029998883605
0.14759799977764487
0.008684000000357628
0.015515000093728304
0.021329000126570463
0.02866500010713935
0.1755330003798008
0.14061000011861324
0.0031059999018907547
0.12554299971088767
0.15073399990797043
0.020843999926000834
0.07902100030332804
0.0935869999229908
0.1059349998831749
0.04276299988850951
0.047464000061154366
0.040634999983012676
0.014033999759703875
0.0012570000253617764
0.04015800030902028
0.11145700002089143
0.0874299998395145
0.21007400006055832
0.1383229997009039
0.031182999722659588
0.0005310000851750374
0.15480699995532632
0.08579599997028708
0.04269699985161424
0.10577999986708164
0.09441499970853329
0.002820999827235937
0.09648500010371208
0.08042100025340915
0.06993200024589896
0.0005069999024271965
0.02528599975630641
0.162430000025779
0.034829000011086464
0.17603400023654103
0.03133399970829487
0.017210000194609165
0.05837099999189377
0.09385600034147501
0.01770400023087859
0.10206500021740794
0.06609399989247322
0.2246520002372563
0.2176600000821054
0.22580499993637204
0.06705600023269653
0.1340069998987019
0.07525100000202656
0.4467110000550747
0.03273000009357929
0.07415999984368682
0.11872600018978119
0.132060999982059
0.07730600005015731
0.01525399973616004
0.16695899982005358
0.09102600021287799
0.0789279998280108
0.08648099983111024
0.013408999890089035
0.002840000204741955
0.060876000206917524
0.06034399988129735
0.05611700005829334
0.004164999816566706
0.0405069999396801
0.05017100041732192
0.04444400034844875
0.04354699980467558
0.1053960002027452
0.1397230001166463
0.04936400009319186
0.4443589998409152
0.006452000234276056
0.07580800028517842
0.020717999897897243
0.2142590000294149
0.0518269999884069
0.15845500025898218
0.24788600020110607
0.1214339998550713
0.06416000006720424
0.05414099991321564
0.05234199995175004
0.28501200024038553
0.05108099989593029
0.12123299995437264
0.024858000222593546
0.27591800037771463
0.04293800005689263
0.06740699987858534
0.017703999765217304
0.037244000006467104
0.20696299988776445
0.07776600029319525
0.009721999987959862
0.01853100024163723
0.07488599978387356
0.07563399989157915
0.06860800040885806
0.023177000228315592
0.03514600032940507
0.21442600013688207
0.1227420000359416
0.22563100000843406
0.04954300029203296
0.1321849999949336
0.2810370000079274
0.02891099965199828
0.03800900001078844
0.11476900009438396
0.026597000192850828
0.01091499999165535
0.08136400021612644
0.21537699969485402
0.027666000183671713
0.018933999817818403
0.016183999832719564
0.02154600014910102
0.001199999824166298
0.010699000209569931
0.08716800017282367
0.00888400012627244
0.006143000442534685
0.05719799967482686
0.02894200012087822
0.20293299993500113
0.017650000285357237
0.04714199993759394
0.11668499978259206
0.5166670000180602
0.061809999868273735
0.09035900002345443
0.033088000025600195
0.08673400012776256
0.004330000374466181
0.1355489999987185
0.09548299992457032
0.03130699973553419
0.029519000090658665
0.01749700028449297
0.004619999788701534
0.014283000025898218
0.012227000202983618
0.005032000131905079
0.2425009999424219
0.21613499987870455
0.02476899977773428
0.015434999950230122
0.053939000237733126
0.21707900008186698
0.07277300022542477
0.02129300031810999
0.08368999976664782
0.0014200001023709774
0.03561800019815564
0.06165099982172251
0.030609999783337116
0.08636400010436773
0.026141999755054712
0.03375800000503659
0.11868000030517578
0.09591699996963143
0.15545499976724386
0.07653099996969104
0.09189900010824203
0.1570190000347793
0.024693000130355358
0.060220999643206596
0.07879200018942356
0.143546000123024
0.11124600004404783
0.037210999988019466
0.002051999792456627
0.055687000043690205
0.10266900015994906
0.059028999879956245
0.006836999673396349
0.055100999772548676
0.0037219999358057976
0.023434000089764595
0.07875999994575977
0.2716010003350675
0.015148000326007605
0.11801599990576506
0.0006099999882280827
0.11115900008007884
0.21322700008749962
0.12915000040084124
0.008925999980419874
0.02282099984586239
0.008349000010639429
0.02708100015297532
0.23136299988254905
0.00848100008442998
0.15554199973121285
0.09829099988564849
0.04751700023189187
0.032653999980539083
0.011636000126600266
0.03959799977019429
0.08989200042560697
0.1771810003556311
0.01974300015717745
0.06275499984622002
0.2390789999626577
0.010861999820917845
0.06031099986284971
0.019816000014543533
0.014565999619662762
0.04741600016131997
0.08745600003749132
0.051663000136613846
0.12629000004380941
0.09619500022381544
0.168270000256598
0.00405499991029501
0.016266999766230583
0.009710000362247229
0.07559900032356381
0.10043999971821904
0.0435199998319149
0.07186400005593896
0.02091400045901537
0.039089000318199396
0.008579999674111605
0.04085100023075938
0.22675899975001812
0.14841000037267804
0.08407700015231967
0.08168999990448356
0.07208799989894032
0.002526999916881323
0.07633799966424704
0.012972000055015087
0.12522000027820468
0.110791000071913
0.09158999985083938
0.009314000140875578
0.009018999990075827
0.026290999725461006
0.028303999919444323
0.24482099991291761
0.058954000007361174
0.22956199990585446
0.029107999987900257
0.08621799992397428
0.022114000283181667
0.08273599995300174
0.13974899984896183
0.002444999758154154
0.08013199968263507
0.12412500008940697
0.006678999867290258
0.015829000156372786
0.037192000076174736
0.039682000409811735
0.008880000095814466
0.16969000035896897
0.009185999631881714
0.11546200001612306
0.03811200009658933
0.026511000003665686
0.005934000015258789
0.047193999867886305
0.09365499997511506
0.05319900019094348
0.021207999903708696
0.07166999997571111
0.011260999832302332
0.054545000195503235
0.017847000155597925
0.011963000055402517
0.01703799981623888
0.19255399983376265
0.13781300000846386
0.096949000377208
0.0038479999639093876
0.12435000017285347
0.16462699975818396
0.42911099968478084
0.09187600016593933
0.14696799963712692
0.10373299987986684
0.017947999760508537
0.014038999564945698
0.03264200035482645
0.0633950000628829
Total sum of second timestamps: 40.67832700582221
