0.04181300010532141
0.13348100008442998
0.018352999817579985
0.1218469999730587
0.0672889999113977
0.08260999992489815
0.06003500008955598
0.20661799982190132
0.10529199987649918
0.07783000031486154
0.02319199964404106
0.13588099973276258
0.042704999912530184
0.009603000245988369
0.020523000042885542
0.15226799994707108
0.029264000244438648
0.061923000030219555
0.30031399987637997
0.12296999990940094
0.122446000110358
0.18511399999260902
0.03622000012546778
0.20947800017893314
0.24854099983349442
0.007501000072807074
0.09070499986410141
0.03575900010764599
0.0017030001617968082
0.005445000249892473
0.2940000002272427
0.15861200029030442
0.06467599980533123
0.11902200011536479
0.09182500001043081
0.0033560004085302353
0.2238310002721846
0.10636899992823601
0.11179900029674172
0.036423999816179276
0.015134000219404697
0.1767489998601377
0.033423000015318394
0.18654200015589595
0.09671400021761656
0.07402799976989627
0.16306900000199676
0.21472800010815263
0.14051499962806702
0.20157500030472875
0.020269999746233225
0.21062100026756525
0.17743699997663498
0.04713500011712313
0.027506000362336636
0.030623000115156174
0.02136899996548891
0.026951000094413757
0.04490000009536743
0.19776399992406368
0.011235000099986792
0.11909599974751472
0.22778999991714954
0.040276000276207924
0.038339999970048666
0.022038999944925308
0.023364999797195196
0.10978600010275841
0.13144699996337295
0.11390100000426173
0.24982199957594275
0.06143900007009506
0.022879000287503004
0.10993900010362267
0.28530799970030785
0.11884399969130754
0.01208700006827712
0.006805999670177698
0.01909100031480193
0.14275800017639995
0.11741499975323677
0.014322000090032816
0.01905500004068017
0.01119200000539422
0.004651000257581472
0.006281000096350908
0.21374700032174587
0.016579000279307365
0.041430000215768814
0.1427660002373159
0.06701099965721369
0.050220999866724014
0.008766999933868647
0.11799900000914931
0.40478199999779463
0.175050999969244
0.08261400042101741
0.11480500036850572
0.21628000028431416
0.14818299980834126
0.11349700018763542
0.342525000218302
0.05731500033289194
0.1476789996959269
0.006679000332951546
0.02376699959859252
0.021706999745219946
0.03176299994811416
0.021947000175714493
0.0835589999333024
0.08775900024920702
0.29639199981465936
0.06582800019532442
0.010021999944001436
0.0748250000178814
0.049968000035732985
0.1568259997293353
0.00027400022372603416
0.07605100004002452
0.022212999872863293
0.05497800000011921
0.0303230001591146
0.016813000198453665
0.0034909998066723347
0.09922999981790781
0.08460000017657876
0.017022999934852123
0.08222400024533272
0.033183000050485134
0.018841000273823738
0.0962119996547699
0.024795999750494957
0.007661999668926001
0.17490300023928285
0.008206999860703945
0.03740999987348914
0.07496399991214275
0.028408000245690346
0.028363999910652637
0.017543000169098377
0.00031299982219934464
0.03356900019571185
0.04780999990180135
0.20937900012359023
0.10008599981665611
0.09648399986326694
0.12404000014066696
0.20668599987402558
0.018974000122398138
0.06619399972259998
0.19610700011253357
0.17261300003156066
0.07154900021851063
0.026686000172048807
0.05651400005444884
0.15751599986106157
0.02867100015282631
0.09605700010433793
0.012482999823987484
0.056518999859690666
0.1073670000769198
0.02092800009995699
0.0107829999178648
0.037260000128299
0.22389899985864758
0.0810970002785325
0.14204900013282895
0.03400099975988269
0.08962600026279688
0.024977000430226326
0.006304000038653612
0.08683399995788932
0.02834200020879507
0.007981000002473593
0.22714600013568997
0.02571200020611286
0.1195570002309978
0.014272000174969435
0.08189400006085634
0.019429999869316816
0.04630099982023239
0.04180399980396032
0.032892000395804644
0.0848369998857379
0.034412999637424946
0.012209999840706587
0.00047899968922138214
0.1240889998152852
0.010166000109165907
0.10638700006529689
0.0496930000372231
0.10256100026890635
0.05353299994021654
0.0082290000282228
0.04023500019684434
0.0892039998434484
0.011781000066548586
0.004603000357747078
0.12651500012725592
0.04871100001037121
0.07423799997195601
0.0629040002822876
0.037451999727636576
0.18298299983143806
0.015513999853283167
0.06217899965122342
0.07557699969038367
0.147579999640584
0.008675999939441681
0.015495999716222286
0.02130600018426776
0.028649999760091305
0.1755119999870658
0.1405809996649623
0.0030869999900460243
0.1255319998599589
0.15071399975568056
0.020825000014156103
0.0790020003914833
0.0935639999806881
0.10592499980702996
0.04274399997666478
0.047439999878406525
0.040622999891638756
0.014020999893546104
0.0012420001439750195
0.0401400001719594
0.11144100036472082
0.08741099992766976
0.2100599999539554
0.13831100007519126
0.031165999826043844
0.000520000234246254
0.1547879995778203
0.08577400026842952
0.042679000180214643
0.10575299989432096
0.09439600026234984
0.0028030001558363438
0.0964669999666512
0.08040799992159009
0.06991500034928322
0.0004950002767145634
0.025277999695390463
0.16241100011393428
0.03480800008401275
0.17601200006902218
0.03132400009781122
0.01718800002709031
0.058353000320494175
0.09383299993351102
0.01768600009381771
0.10204600030556321
0.06607200019061565
0.22462800005450845
0.2176370001398027
0.22578400000929832
0.0670230002142489
0.13398300018161535
0.07522800005972385
0.44669400015845895
0.03270100010558963
0.07414000015705824
0.11870300024747849
0.13203699979931116
0.07728500012308359
0.015230000019073486
0.16693799989297986
0.09100000001490116
0.07890400011092424
0.0864550000987947
0.013391999993473291
0.0028110002167522907
0.06085499981418252
0.06031899992376566
0.05609200010076165
0.004147999919950962
0.04047599993646145
0.05015300028026104
0.04441400012001395
0.043523000087589025
0.10537899984046817
0.13970199972391129
0.0493350001052022
0.44433300010859966
0.006434000097215176
0.07579699996858835
0.02069400018081069
0.21423000004142523
0.05180000001564622
0.1584300003014505
0.24785799998790026
0.12141000013798475
0.06413499964401126
0.05411300016567111
0.05231400020420551
0.28498500026762486
0.05105700017884374
0.12120400043204427
0.024829000234603882
0.27589300042018294
0.042911000084131956
0.06737999990582466
0.017677000258117914
0.037218000274151564
0.20694300020113587
0.07774000009521842
0.009693999774754047
0.01850600028410554
0.07486000005155802
0.0756100001744926
0.06859199982136488
0.023163000121712685
0.03512399969622493
0.2144200000911951
0.122726000379771
0.22559799998998642
0.049525999929755926
0.13216500030830503
0.2810180000960827
0.0288909999653697
0.037988000083714724
0.11475299997255206
0.026579000055789948
0.010885000228881836
0.0813470003195107
0.2153540002182126
0.02765099983662367
0.018918000161647797
0.016168000176548958
0.021528000012040138
0.0011760001070797443
0.010665000416338444
0.08714899979531765
0.008868999779224396
0.006119999568909407
0.05717899976298213
0.02892399998381734
0.20291499979794025
0.017634999938309193
0.04712300002574921
0.11666399985551834
0.5166469998657703
0.06178699992597103
0.09034499991685152
0.0330809997394681
0.08670999994501472
0.0043120002374053
0.1355260000564158
0.09546299977228045
0.0312890000641346
0.029488000087440014
0.017477000132203102
0.004596000071614981
0.014283000025898218
0.01220700005069375
0.004999000113457441
0.24247599998489022
0.21611000038683414
0.024753999896347523
0.015412000007927418
0.053921000100672245
0.2170609999448061
0.07274700002744794
0.021275999955832958
0.08367500035092235
0.001408000010997057
0.03559600003063679
0.06163199990987778
0.03058800008147955
0.08634399995207787
0.026120999827980995
0.03373900009319186
0.1186620001681149
0.09589400002732873
0.15542999980971217
0.07651999965310097
0.09188299998641014
0.1569980001077056
0.024675999768078327
0.060201999731361866
0.07877500029280782
0.1435279999859631
0.1112270001322031
0.0371909998357296
0.002025000285357237
0.05567199969664216
0.10266199987381697
0.05900799995288253
0.006810000166296959
0.055087999906390905
0.0037080002948641777
0.023415999952703714
0.0787400002591312
0.27157599991187453
0.015141000039875507
0.11799799976870418
0.000599999912083149
0.11114000016823411
0.2132099997252226
0.12913400027900934
0.008921000175178051
0.022805000189691782
0.008337000384926796
0.027061000000685453
0.2313440004363656
0.008477000053972006
0.15551599999889731
0.0982730002142489
0.04749800032004714
0.03263799985870719
0.011630000080913305
0.03957800008356571
0.08987300004810095
0.1771670002490282
0.019737999886274338
0.06273100012913346
0.23905800003558397
0.010856000240892172
0.06029899977147579
0.01981299975886941
0.014556000009179115
0.04740400006994605
0.0874439999461174
0.05165399983525276
0.1262760004028678
0.09618299966678023
0.168248999863863
0.004050000105053186
0.016257000155746937
0.009690000209957361
0.07557799993082881
0.10043300036340952
0.04350000014528632
0.07183999987319112
0.020899999886751175
0.03906799992546439
0.008570000063627958
0.04083599988371134
0.22674799989908934
0.148393000010401
0.08404199965298176
0.08167099999263883
0.07206600019708276
0.0025149998255074024
0.07630700012668967
0.012966999784111977
0.12521000020205975
0.11077000014483929
0.09157099993899465
0.009302000049501657
0.008996999822556973
0.02627400029450655
0.02828700002282858
0.24479900021106005
0.05892999982461333
0.22953599970787764
0.029089999850839376
0.08619699999690056
0.022098000161349773
0.08272100007161498
0.13972700014710426
0.00242799986153841
0.08011400001123548
0.12410399969667196
0.006671000272035599
0.01581500004976988
0.03717299969866872
0.039671000093221664
0.008855999913066626
0.1696700002066791
0.009171999990940094
0.11544000031426549
0.03809000039473176
0.02648300025612116
0.0059020002372562885
0.04717500042170286
0.09363200003281236
0.0531720002181828
0.02118600020185113
0.07165100006386638
0.011241999920457602
0.054526000283658504
0.017826000228524208
0.01194800017401576
0.017017999663949013
0.1925369999371469
0.13779200008139014
0.09694099985063076
0.0038250000216066837
0.12433600006625056
0.16460799984633923
0.42910399986431
0.09186699986457825
0.14695800002664328
0.10370999993756413
0.01793200010433793
0.014028000179678202
0.03261899994686246
0.06337499991059303
Total sum of second timestamps: 40.66885401494801
