0.04181199986487627
0.1334809996187687
0.01834899978712201
0.12184600019827485
0.06728400010615587
0.08260500011965632
0.060037000104784966
0.20661599980667233
0.10529100010171533
0.07783299963921309
0.02319099986925721
0.1358819999732077
0.042704000137746334
0.009602000005543232
0.020522000268101692
0.1522659999318421
0.029261000454425812
0.061923000030219555
0.3003130001015961
0.12297099968418479
0.12244499986991286
0.18510999996215105
0.03621499985456467
0.2094750003889203
0.24854000005871058
0.007501999847590923
0.09069899981841445
0.03575799986720085
0.0017220000736415386
0.00545400008559227
0.29400500003248453
0.15860999980941415
0.06467700004577637
0.11902200011536479
0.09182000020518899
0.0033530001528561115
0.22383600007742643
0.1063690003938973
0.11179300025105476
0.03642400028184056
0.015137000009417534
0.17675299989059567
0.03341899998486042
0.18654599972069263
0.09671200020238757
0.07402799976989627
0.1630700002424419
0.21472899988293648
0.14051499962806702
0.20157099980860949
0.020268000196665525
0.21062299981713295
0.1774400002323091
0.04713399987667799
0.02750599989667535
0.030627000145614147
0.021372000221163034
0.026951999869197607
0.04490200011059642
0.19776299968361855
0.011234000325202942
0.11909499997273088
0.22779000038281083
0.04027500003576279
0.03833799995481968
0.02203699992969632
0.023366000037640333
0.10978699987754226
0.13144699996337295
0.1138999997638166
0.24982200004160404
0.06143999984487891
0.022880000062286854
0.1099369996227324
0.28530400013551116
0.11883799964562058
0.012076999992132187
0.006789000239223242
0.019090000074356794
0.14275399968028069
0.11741499975323677
0.014324000105261803
0.019051999785006046
0.011196000035852194
0.004659000318497419
0.006285000126808882
0.21374900033697486
0.016578999813646078
0.04142700042575598
0.14276299998164177
0.0670159999281168
0.050221999641507864
0.008760000113397837
0.11800300003960729
0.40478199999779463
0.175052999984473
0.08261199994012713
0.1148000000976026
0.21627900004386902
0.14818500028923154
0.11349799996241927
0.34253000002354383
0.05731699988245964
0.14768000040203333
0.006680999882519245
0.023769000079482794
0.021699000149965286
0.03176699997857213
0.021947000175714493
0.08356100041419268
0.08775800000876188
0.29639200028032064
0.06582699995487928
0.010022999718785286
0.07482900004833937
0.04996900027617812
0.15682499995455146
0.0002759997732937336
0.0760530000552535
0.022212000098079443
0.05497599998489022
0.0303249997086823
0.01680999994277954
0.003496000077575445
0.09923100005835295
0.08460199972614646
0.017020999919623137
0.0822279998101294
0.033182000275701284
0.018838000018149614
0.09620900033041835
0.024795999750494957
0.007670999970287085
0.17490299977362156
0.008205999620258808
0.03741099964827299
0.07495800033211708
0.028409000020474195
0.02836199989542365
0.017545999959111214
0.00031300028786063194
0.0335699999704957
0.047810000367462635
0.20937900012359023
0.10009800037369132
0.09648500010371208
0.12403899990022182
0.20668500009924173
0.018976999912410975
0.066191999707371
0.19611099967733026
0.17262200033292174
0.07155600003898144
0.02668499993160367
0.056513999588787556
0.15752300014719367
0.028667999897152185
0.09605900011956692
0.012481000274419785
0.0565200001001358
0.10736599983647466
0.020926000084728003
0.01078200014308095
0.037260000128299
0.22389599960297346
0.08109600003808737
0.14204899966716766
0.03400499979034066
0.08962599979713559
0.02497699996456504
0.0062939999625086784
0.08683100016787648
0.028338999953120947
0.007972999941557646
0.22714699991047382
0.02571299998089671
0.11955599999055266
0.014270999934524298
0.08189500030130148
0.019425000064074993
0.04629699978977442
0.041803000029176474
0.03288999991491437
0.08483499987050891
0.03441599989309907
0.012209000065922737
0.00047999992966651917
0.1240890002809465
0.010169999673962593
0.10638900008052588
0.04969500005245209
0.10256000002846122
0.05353299994021654
0.008227000012993813
0.040237999986857176
0.08920199982821941
0.011770999990403652
0.004592999815940857
0.12651599990203977
0.04870899999514222
0.07423700019717216
0.06290500005707145
0.03745200019329786
0.18298899987712502
0.01551299961283803
0.06217600032687187
0.07557900017127395
0.14758000010624528
0.008677000179886818
0.015496000181883574
0.021304999943822622
0.028650000225752592
0.1755119999870658
0.14057800034061074
0.0030869999900460243
0.12553100008517504
0.1507129999808967
0.020823999773710966
0.07900199992582202
0.09356300020590425
0.10592400003224611
0.04274399997666478
0.047439999878406525
0.040622999891638756
0.014016999863088131
0.0012429999187588692
0.04013999970629811
0.11144099989905953
0.08740899991244078
0.2100550001487136
0.1383030000142753
0.031169000081717968
0.0005179997533559799
0.1547880000434816
0.0857710000127554
0.042678000405430794
0.10575200011953712
0.09439399978145957
0.0028119999915361404
0.09646400017663836
0.08041000040248036
0.06991599965840578
0.0004910002462565899
0.02527200011536479
0.16241100011393428
0.03480800008401275
0.1760119996033609
0.031322999857366085
0.01718800002709031
0.05835200008004904
0.09383299993351102
0.017689999658614397
0.10204600030556321
0.06606999970972538
0.22462800005450845
0.21763599989935756
0.22578300023451447
0.06702199997380376
0.1339750001206994
0.07523099984973669
0.44669200014322996
0.03269900009036064
0.07413900038227439
0.11870200000703335
0.13203699979931116
0.07728600036352873
0.015226999763399363
0.166937000118196
0.09100000001490116
0.0789029998704791
0.0864550000987947
0.013391999993473291
0.0028019999153912067
0.06085600005462766
0.060320000164210796
0.05609200010076165
0.004147000145167112
0.04047599993646145
0.05015300028026104
0.0444130003452301
0.043517000041902065
0.10537700029090047
0.13970299996435642
0.04933099960908294
0.4443290000781417
0.006436000112444162
0.07579800020903349
0.020685000345110893
0.21422399999573827
0.05179300019517541
0.15843100007623434
0.2478519999422133
0.12141000013798475
0.06413300009444356
0.05411199992522597
0.05231599975377321
0.28498500026762486
0.05105700017884374
0.121199999935925
0.024833000265061855
0.27589300042018294
0.04290999984368682
0.06737999990582466
0.01767400000244379
0.03721600025892258
0.2069429997354746
0.0777420001104474
0.009694000240415335
0.01850600028410554
0.07485700026154518
0.07561099994927645
0.06859099958091974
0.023161999881267548
0.035124000161886215
0.21441799961030483
0.12272400036454201
0.2256000000052154
0.049525000154972076
0.13216099981218576
0.28101499984040856
0.02888499991968274
0.03798000002279878
0.11474899994209409
0.02657899959012866
0.010891000274568796
0.08134699985384941
0.21535700000822544
0.027651000302284956
0.018915999680757523
0.01616699993610382
0.021528999786823988
0.0011740000918507576
0.0106800002977252
0.0871480000205338
0.008873000275343657
0.006124999839812517
0.05717699974775314
0.028925999999046326
0.20291800005361438
0.017638000193983316
0.047123999800533056
0.11666400032117963
0.5166500001214445
0.06178699992597103
0.09034299990162253
0.033081000205129385
0.08670899970456958
0.004308999981731176
0.13553000008687377
0.0954619999974966
0.031290000304579735
0.02948900032788515
0.01747199986129999
0.004600999876856804
0.014275999739766121
0.012211000081151724
0.0050119999796152115
0.24247700022533536
0.2161109996959567
0.02475400036200881
0.015413999557495117
0.053921999875456095
0.21706200018525124
0.07274999981746078
0.021277000196278095
0.08367699990049005
0.0014030002057552338
0.03559600003063679
0.061633999925106764
0.030584000051021576
0.086345000192523
0.02612499985843897
0.03374599991366267
0.11866400018334389
0.09589299978688359
0.15543099958449602
0.07652000011876225
0.09188299998641014
0.15699699986726046
0.024676000233739614
0.06020599976181984
0.07877400005236268
0.1435300000011921
0.11122799990698695
0.037192000076174736
0.00202300027012825
0.0556729999370873
0.10266200033947825
0.059009999968111515
0.006811999715864658
0.05509199993684888
0.0037010000087320805
0.023413000162690878
0.07873700000345707
0.2715779999271035
0.01513999979943037
0.11799900000914931
0.0005960003472864628
0.11113699991255999
0.2132129999808967
0.12913400027900934
0.008919999934732914
0.02280700020492077
0.008340999949723482
0.027065999805927277
0.23134500021114945
0.008475999813526869
0.1555200000293553
0.09827100019901991
0.047497000079602
0.03263900009915233
0.011615000199526548
0.03957900032401085
0.0898739998228848
0.17716699978336692
0.019737000111490488
0.06272399984300137
0.2390629998408258
0.010855000000447035
0.06030000001192093
0.019813000224530697
0.014556000009179115
0.0474049998447299
0.08744500018656254
0.05165399983525276
0.12627500016242266
0.09618399990722537
0.16825199965387583
0.004052999895066023
0.016258999705314636
0.00968499993905425
0.07558000041171908
0.10043600015342236
0.04350299993529916
0.07184300012886524
0.020901000127196312
0.039071999955922365
0.008564000017940998
0.04083900013938546
0.22674899967387319
0.14839399978518486
0.08404600014910102
0.08166999975219369
0.07206699997186661
0.0025149998255074024
0.07630900014191866
0.01296300021931529
0.12521100044250488
0.11077000014483929
0.09157200017943978
0.009302000049501657
0.00900400010868907
0.026273999828845263
0.02828700002282858
0.24479899974539876
0.05893100006505847
0.22953699994832277
0.02909399988129735
0.08619900001212955
0.022099999710917473
0.08272199984639883
0.13972899969667196
0.0024260003119707108
0.08011500025168061
0.12410299992188811
0.006680999882519245
0.0158199998550117
0.03717500017955899
0.039671000093221664
0.008855000138282776
0.16967099998146296
0.009170999750494957
0.11544199986383319
0.03809199994429946
0.026488000061362982
0.005907000042498112
0.04717799974605441
0.09363400004804134
0.05317500000819564
0.021188999991863966
0.07165399985387921
0.011233999859541655
0.05452999984845519
0.017827000003308058
0.0119420001283288
0.017014000099152327
0.19254000019282103
0.137792999856174
0.09693899983540177
0.00381499994546175
0.12432900024577975
0.16461100010201335
0.4291040003299713
0.09186499984934926
0.14695800002664328
0.10370900016278028
0.017930999863892794
0.014018000103533268
0.03262299997732043
0.06337699992582202
Total sum of second timestamps: 40.66879800427705
