0.04180599981918931
0.13348399987444282
0.018350000027567148
0.12184499995782971
0.06728499988093972
0.08260300010442734
0.06003399984911084
0.20661200024187565
0.10529100010171533
0.07783299963921309
0.02319099986925721
0.1358819999732077
0.04270200012251735
0.009603000245988369
0.020523000042885542
0.15226299967616796
0.0292579997330904
0.061922000255435705
0.30030900007113814
0.12297199992462993
0.12244499986991286
0.1851110002025962
0.0362179996445775
0.20947499992325902
0.24853300023823977
0.007500000298023224
0.09069900028407574
0.03575900010764599
0.001703999936580658
0.00545400008559227
0.29400500003248453
0.15861100004985929
0.0646799998357892
0.11901999963447452
0.09181800018996
0.0033519999124109745
0.22383000003173947
0.10636899992823601
0.1117960000410676
0.036422000266611576
0.015131999738514423
0.17675200011581182
0.03341899998486042
0.1865409999154508
0.09671299997717142
0.07402600022032857
0.16307800030335784
0.21472599962726235
0.1405150000937283
0.20157000003382564
0.020260999910533428
0.2106220000423491
0.17744100000709295
0.04713399987667799
0.02750599989667535
0.03062699967995286
0.021371999755501747
0.026951000094413757
0.04489900032058358
0.19776300014927983
0.011235000099986792
0.11909399973228574
0.22778999991714954
0.040277000050991774
0.03833700018003583
0.02203699992969632
0.02336700027808547
0.10978499986231327
0.1314479997381568
0.11390100000426173
0.24982300028204918
0.06143900007009506
0.022879000287503004
0.10993600031360984
0.28530400013551116
0.11883899988606572
0.012079000007361174
0.006792000029236078
0.019084000028669834
0.1427640002220869
0.1174090001732111
0.01431300025433302
0.01904800022020936
0.011196000035852194
0.004659000318497419
0.006285000126808882
0.21374800009652972
0.016579000279307365
0.04142299992963672
0.14276299998164177
0.06701500015333295
0.05021899985149503
0.008762999903410673
0.11800200026482344
0.4047829997725785
0.1750849997624755
0.0826179999858141
0.11479899985715747
0.21627999981865287
0.1481789997778833
0.11349799996241927
0.3425289997830987
0.05731699988245964
0.1476790001615882
0.006678999867290258
0.023767000064253807
0.02169799990952015
0.03176699997857213
0.021945999935269356
0.08356000017374754
0.08776000002399087
0.2963910000398755
0.06582799972966313
0.010022999718785286
0.07482099998742342
0.049966000020504
0.15682800021022558
0.00027399975806474686
0.07605000026524067
0.022210999857634306
0.05497800000011921
0.030325000174343586
0.01680900016799569
0.003494999837130308
0.09923399984836578
0.08460099995136261
0.017016999889165163
0.0822279998101294
0.033182000275701284
0.018838000018149614
0.09621200012043118
0.024796000216156244
0.007658000104129314
0.17490299977362156
0.008206000085920095
0.03741000033915043
0.0749579998664558
0.028409000020474195
0.028362000361084938
0.017545999959111214
0.00031400006264448166
0.03356900019571185
0.04780899966135621
0.20937399985268712
0.1000860002823174
0.09648100007325411
0.12403999967500567
0.20668700011447072
0.018976999912410975
0.06618799967691302
0.19610799988731742
0.17261199979111552
0.07155099976807833
0.026683999691158533
0.056512999814003706
0.1575190001167357
0.028669000137597322
0.09605899965390563
0.012482000049203634
0.056519000325351954
0.1073670000769198
0.020926000084728003
0.01078200014308095
0.037260000128299
0.2238949998281896
0.08109800005331635
0.1420479998923838
0.03400400001555681
0.08962600026279688
0.02497699996456504
0.006287999916821718
0.08683199994266033
0.02834200020879507
0.007964999880641699
0.22714499989524484
0.025710999965667725
0.11955199996009469
0.014270999934524298
0.08189400006085634
0.01942600030452013
0.04630000004544854
0.04180399980396032
0.03288900014013052
0.08483599964529276
0.03441499965265393
0.0122079998254776
0.00047500012442469597
0.12408600002527237
0.010161000303924084
0.10638799984008074
0.0496949995867908
0.1025620000436902
0.05353200016543269
0.008222999982535839
0.04023699974641204
0.08920199982821941
0.011771999765187502
0.004601999651640654
0.12651599990203977
0.048706000205129385
0.07423700019717216
0.06290500005707145
0.03745299996808171
0.18298899987712502
0.01551299961283803
0.06217700010165572
0.07557599991559982
0.14757899986580014
0.008675999939441681
0.015496000181883574
0.021304000169038773
0.028649999760091305
0.17551299976184964
0.14057999989017844
0.0030869999900460243
0.12553100008517504
0.1507149999961257
0.02081499993801117
0.07899900013580918
0.09356299974024296
0.10592499980702996
0.042741999961435795
0.047439000103622675
0.04062000010162592
0.014015000313520432
0.0012389998883008957
0.040136999916285276
0.11143699986860156
0.08740799967199564
0.2100550001487136
0.1383030000142753
0.031159999780356884
0.0005159997381269932
0.1547880000434816
0.08576799975708127
0.04267500014975667
0.10575399966910481
0.09438899997621775
0.002801000140607357
0.0964650004170835
0.08040800038725138
0.06991499988362193
0.0004969998262822628
0.02527399966493249
0.16241100011393428
0.03480500029399991
0.17601299984380603
0.0313209998421371
0.01718700025230646
0.05835299985483289
0.09383400017395616
0.017688999883830547
0.10204499959945679
0.06606699991971254
0.22462800005450845
0.21763599989935756
0.22578300023451447
0.06702199997380376
0.13397599989548326
0.0752289998345077
0.4466929999180138
0.03270199988037348
0.07413699990138412
0.11870300024747849
0.13203400000929832
0.07728500012308359
0.015225999988615513
0.166937000118196
0.09100000001490116
0.0789029998704791
0.08645300008356571
0.013390999753028154
0.0028070001862943172
0.06085400003939867
0.06031699990853667
0.05609200010076165
0.004146999679505825
0.0404750001616776
0.05015300028026104
0.0444149998947978
0.043517000041902065
0.10537000000476837
0.13970099994912744
0.049331000074744225
0.4443320003338158
0.006432999856770039
0.07579699996858835
0.020686000119894743
0.21422199998050928
0.051794000435620546
0.15843100007623434
0.24785200040787458
0.12140800012275577
0.06413399986922741
0.05411100015044212
0.05231099994853139
0.2849840000271797
0.05105700017884374
0.121199999935925
0.024833000265061855
0.27589299995452166
0.04290799982845783
0.06737799989059567
0.017676999792456627
0.03721600025892258
0.20694199996069074
0.07774000009521842
0.009692000225186348
0.018502999562770128
0.07485899981111288
0.07562199980020523
0.06859100004658103
0.023163000121712685
0.03512299992144108
0.2144200000911951
0.1227259999141097
0.22559900023043156
0.049525000154972076
0.13216099981218576
0.28100800001993775
0.028883999679237604
0.03798299981281161
0.11475099995732307
0.026575999800115824
0.010881999973207712
0.08134800009429455
0.2153559997677803
0.027648000046610832
0.018914999905973673
0.01616600016131997
0.021528000012040138
0.0011740000918507576
0.010673000011593103
0.08714700024574995
0.008868000004440546
0.00611799955368042
0.05718000000342727
0.028925000224262476
0.2029160000383854
0.01763699995353818
0.04712200025096536
0.11666300008073449
0.5166500001214445
0.06178699992597103
0.09034399967640638
0.0330809997394681
0.08670799992978573
0.004300999920815229
0.1355279996059835
0.09546600002795458
0.03128799982368946
0.029488999862223864
0.017477999906986952
0.00460399966686964
0.014281000010669231
0.012208000291138887
0.005004000384360552
0.24247700022533536
0.21611200040206313
0.02475500013679266
0.015415000263601542
0.053921999875456095
0.2170609999448061
0.07274999981746078
0.021276999730616808
0.08367700036615133
0.0014030002057552338
0.03559600003063679
0.061632000375539064
0.030584999825805426
0.08634499972686172
0.026125000324100256
0.03374500013887882
0.11866299994289875
0.09589300025254488
0.15542999980971217
0.07651999965310097
0.09188299998641014
0.15699499985203147
0.02467200020328164
0.060202999971807
0.07877300027757883
0.14352899976074696
0.11122799990698695
0.03719499986618757
0.0020269998349249363
0.0556729999370873
0.10266099963337183
0.0590119999833405
0.006806999910622835
0.05509100016206503
0.0037010000087320805
0.023415999952703714
0.07873599976301193
0.27157399989664555
0.015141999814659357
0.11799999978393316
0.0005920003168284893
0.11114099994301796
0.2132080001756549
0.12913200026378036
0.008923000190407038
0.02280599996447563
0.008344000205397606
0.027065000031143427
0.23134299973025918
0.008479999843984842
0.15551599999889731
0.09827399998903275
0.04749100003391504
0.03263900009915233
0.011620000004768372
0.03957900032401085
0.08987400028854609
0.17716800002381206
0.019737999886274338
0.0627250000834465
0.23906200006604195
0.010855000000447035
0.06030099978670478
0.01981299975886941
0.014555000234395266
0.04740600008517504
0.08744300017133355
0.0516550000756979
0.12627500016242266
0.09618300013244152
0.16824300028383732
0.004055000375956297
0.016257999930530787
0.009690000209957361
0.07557900017127395
0.10043399967253208
0.04350299993529916
0.07184299966320395
0.020899999886751175
0.039071999955922365
0.008570999838411808
0.040837000124156475
0.22674799989908934
0.148393000010401
0.08404199965298176
0.08167099999263883
0.07206800021231174
0.002502999734133482
0.07630799990147352
0.012968000024557114
0.1252109999768436
0.11077099991962314
0.0915719997137785
0.00930099980905652
0.008995000272989273
0.026273999828845263
0.02828700002282858
0.24479900021106005
0.05892600025981665
0.22953200014308095
0.029091999866068363
0.08619900001212955
0.02210000017657876
0.08272100007161498
0.13972699968144298
0.00242199981585145
0.08011400001123548
0.1241049999371171
0.0066709998063743114
0.01581300003454089
0.03716999990865588
0.03967300010845065
0.00886599998921156
0.16967099998146296
0.009171000216156244
0.11543900007382035
0.03809099970385432
0.026486999820917845
0.005903999786823988
0.04717600019648671
0.09363200003281236
0.053176000248640776
0.021188999991863966
0.07165399985387921
0.011234000325202942
0.05452900007367134
0.017827000003308058
0.011940999887883663
0.017016000114381313
0.19253600016236305
0.13779399963095784
0.09693899983540177
0.00381499994546175
0.12433099979534745
0.16461100010201335
0.42910500010475516
0.09186499984934926
0.14695700025185943
0.10370999993756413
0.017922000028192997
0.014010000042617321
0.032620000187307596
0.06337600015103817
Total sum of second timestamps: 40.66841099783778
