0.04181700013577938
0.13348300009965897
0.018350999802350998
0.12184899998828769
0.06728399964049459
0.08260800037533045
0.060031999833881855
0.20661000022664666
0.10529399989172816
0.07783500012010336
0.02319099986925721
0.1358819999732077
0.042703000362962484
0.009602999780327082
0.020521999802440405
0.1522659999318421
0.0292560001835227
0.06192400027066469
0.30031400034204125
0.12297000037506223
0.12244499986991286
0.18510999996215105
0.03621899988502264
0.20947400014847517
0.24853400001302361
0.007502000313252211
0.09069700026884675
0.03575799986720085
0.0016859997995197773
0.005434999708086252
0.29399799974635243
0.15860799979418516
0.06467000022530556
0.11901699984446168
0.09181799972429872
0.003341999836266041
0.2238310002721846
0.10636699991300702
0.11180000007152557
0.036422000266611576
0.015136000234633684
0.17675299989059567
0.03341899998486042
0.18654699996113777
0.09671299997717142
0.07402699999511242
0.16307100001722574
0.21472800010815263
0.14051999989897013
0.20157099980860949
0.020260999910533428
0.21061399998143315
0.17744100000709295
0.04713200032711029
0.02749899961054325
0.030627999920397997
0.021372999995946884
0.02694900007918477
0.04490299988538027
0.19776599993929267
0.011233999859541655
0.11909400019794703
0.22778999991714954
0.04027900006622076
0.03833899972960353
0.02203799970448017
0.023364999797195196
0.10978899989277124
0.1314460001885891
0.11390100000426173
0.24982200004160404
0.06143900007009506
0.022878999821841717
0.10993899963796139
0.2853039996698499
0.11883699987083673
0.012079999782145023
0.006790999788790941
0.01908500026911497
0.14275499992072582
0.11741100018844008
0.014314999803900719
0.019051000010222197
0.011189999990165234
0.004658999852836132
0.006285000126808882
0.2137500001117587
0.016580000054091215
0.04142600018531084
0.14276299998164177
0.0670159999281168
0.050220000091940165
0.008766999933868647
0.11800399981439114
0.40478300023823977
0.17505199974402785
0.08261300018057227
0.11479899985715747
0.21627799980342388
0.1481769997626543
0.11348999990150332
0.34253000002354383
0.05731799965724349
0.14767999993637204
0.006680999882519245
0.023768999613821507
0.021699999924749136
0.03176699997857213
0.021947999950498343
0.08355799969285727
0.08776200003921986
0.29639000026509166
0.06582800019532442
0.010021999944001436
0.07482000021263957
0.049961999990046024
0.15682800021022558
0.00028300005942583084
0.07605100004002452
0.022204000037163496
0.054980000015348196
0.03032399993389845
0.016806999687105417
0.003494999837130308
0.09923500008881092
0.08459800016134977
0.017020999919623137
0.08222900005057454
0.03318299958482385
0.01883900025859475
0.09621299989521503
0.024795999750494957
0.007660999894142151
0.17490299977362156
0.008204999845474958
0.03741100011393428
0.07495900010690093
0.028409999795258045
0.028364000376313925
0.017546999733895063
0.00031299982219934464
0.03357100021094084
0.04780999990180135
0.20937500009313226
0.1000879998318851
0.09648500010371208
0.12404000014066696
0.20668700011447072
0.018977000378072262
0.06619299994781613
0.19610900012776256
0.1726139998063445
0.07154999999329448
0.02668499993160367
0.05651500029489398
0.15752100013196468
0.028668000362813473
0.09605799987912178
0.01247800001874566
0.0565200001001358
0.1073670000769198
0.02092700032517314
0.0107829999178648
0.03726099990308285
0.22389600006863475
0.0810970002785325
0.14204900013282895
0.0340060000307858
0.08962600026279688
0.024972999934107065
0.006289999932050705
0.08683300018310547
0.02834299998357892
0.007966000121086836
0.227144000120461
0.02571299998089671
0.11955100018531084
0.014272999949753284
0.08189600007608533
0.01942799985408783
0.04630099982023239
0.04180499957874417
0.03289099968969822
0.08483599964529276
0.03441599989309907
0.01220199977979064
0.00047000031918287277
0.12408999959006906
0.010171000380069017
0.10639300011098385
0.04969599982723594
0.1025620000436902
0.05353299994021654
0.008222999982535839
0.04024000000208616
0.08920199982821941
0.011769999749958515
0.004594000056385994
0.12651599990203977
0.04870299994945526
0.07423900021240115
0.0629059998318553
0.037450999952852726
0.182990999892354
0.015513000078499317
0.06217100005596876
0.07558100018650293
0.1475780000910163
0.008675999939441681
0.015494999941438437
0.02130699995905161
0.02865300001576543
0.17551299976184964
0.1405789996497333
0.0030869999900460243
0.12552900006994605
0.15071700001135468
0.02081599971279502
0.07899399986490607
0.09356299974024296
0.10592400003224611
0.04274300020188093
0.047433999832719564
0.040622000116854906
0.014016000088304281
0.0012409999035298824
0.04013899993151426
0.11144000012427568
0.08740800013765693
0.2100549996830523
0.1383030000142753
0.031159000005573034
0.0005160002037882805
0.15479000005871058
0.08576699998229742
0.042678999714553356
0.10575300035998225
0.09438899997621775
0.002804999705404043
0.09646600019186735
0.08040799992159009
0.06991499988362193
0.00047900015488266945
0.025270999874919653
0.16240999987348914
0.0348070003092289
0.17600600002333522
0.03132400009781122
0.01718800002709031
0.05835299985483289
0.09383199969306588
0.017688999883830547
0.10204500006511807
0.0660660001449287
0.22462900029495358
0.2176279998384416
0.2257829997688532
0.06702299974858761
0.13397599989548326
0.07523000007495284
0.4466909999027848
0.032703999895602465
0.07414299994707108
0.11870400002226233
0.13203500024974346
0.07728599989786744
0.015225000213831663
0.16693499963730574
0.09100200003013015
0.0789030003361404
0.08645300008356571
0.013392999768257141
0.002807999961078167
0.06085600005462766
0.060320999938994646
0.0560929998755455
0.004147000145167112
0.0404769997112453
0.05015300028026104
0.04441699991002679
0.0435199998319149
0.10537099977955222
0.13970000017434359
0.04932999983429909
0.4443239998072386
0.006430999841541052
0.07579599972814322
0.020685999654233456
0.21422199998050928
0.05179299972951412
0.1584230000153184
0.24785300018265843
0.1214090003632009
0.0641340003348887
0.05411199992522597
0.05230999970808625
0.28498200001195073
0.051057999953627586
0.1212000004015863
0.024834999814629555
0.2758940001949668
0.04290300002321601
0.06737200031057
0.017678999807685614
0.03721700003370643
0.20694399997591972
0.0777350002899766
0.009690999984741211
0.01850100001320243
0.07486100029200315
0.0756100001744926
0.06859199982136488
0.023163000121712685
0.03512199968099594
0.2144220001064241
0.12272500013932586
0.22559799998998642
0.049518000334501266
0.13216000003740191
0.28100800001993775
0.02888499991968274
0.03798200003802776
0.11475199973210692
0.026579000055789948
0.010886000003665686
0.08134400006383657
0.21535399975255132
0.02764299977570772
0.01891699992120266
0.01616699993610382
0.021529000252485275
0.0011669998057186604
0.01066999975591898
0.08714899979531765
0.008869000244885683
0.006121000275015831
0.057182000018656254
0.02892399998381734
0.20291800005361438
0.01763699995353818
0.0471160002052784
0.11666399985551834
0.5166509998962283
0.061784999910742044
0.09034499991685152
0.0330790001899004
0.086710000410676
0.0042929998598992825
0.13552200002595782
0.09546699980273843
0.03128899959847331
0.029488999862223864
0.017475999891757965
0.004600000102072954
0.014287999831140041
0.01220899960026145
0.0049959998577833176
0.2424780000001192
0.21611200040206313
0.02475500013679266
0.015414000023156404
0.053921000100672245
0.21706299996003509
0.07274999981746078
0.021277999971061945
0.08367800014093518
0.0014029997400939465
0.03559699980542064
0.061633999925106764
0.030585000291466713
0.08634399995207787
0.02612599963322282
0.03374599991366267
0.11866400018334389
0.09589299978688359
0.15542999980971217
0.07652100035920739
0.09187699994072318
0.15699300030246377
0.02467200020328164
0.06019699992612004
0.07877100026234984
0.1435300000011921
0.11122400034219027
0.03719599964097142
0.002025000285357237
0.055674999952316284
0.10266199987381697
0.059009999968111515
0.006803999654948711
0.05509199993684888
0.003703000023961067
0.023420999757945538
0.07873600022867322
0.2715779999271035
0.015141000039875507
0.11799900000914931
0.0005859998054802418
0.11114099994301796
0.21321000019088387
0.1291330000385642
0.008917999919503927
0.02280699973925948
0.008332999888807535
0.027065999805927277
0.23134699976071715
0.008477000053972006
0.15551699977368116
0.09827299974858761
0.04749199980869889
0.03263900009915233
0.011621000245213509
0.03958099987357855
0.08987400028854609
0.1771690002642572
0.019737999886274338
0.06272599985823035
0.23905499977990985
0.010856000240892172
0.06030099978670478
0.019813999999314547
0.014554999768733978
0.04740699985995889
0.0874439999461174
0.05165400030091405
0.12627500016242266
0.09618300013244152
0.16824400005862117
0.004042999818921089
0.016257000155746937
0.009687999729067087
0.07558099972084165
0.1004350003786385
0.043504000175744295
0.07184399990364909
0.020901000127196312
0.03907399997115135
0.008566999807953835
0.040838999673724174
0.2267469996586442
0.14839200023561716
0.08404699992388487
0.08167099999263883
0.07206599973142147
0.0025100000202655792
0.07630799990147352
0.01296300021931529
0.1252109999768436
0.110769999679178
0.09157299995422363
0.00930099980905652
0.008987999986857176
0.026273999828845263
0.028288000263273716
0.2447999999858439
0.05892600025981665
0.22953400015830994
0.029085999820381403
0.08619499998167157
0.022092999890446663
0.08272799989208579
0.13973099971190095
0.002426999621093273
0.08011600002646446
0.12410600017756224
0.006668999791145325
0.01581400027498603
0.03717500017955899
0.039665999822318554
0.00885300012305379
0.16967299999669194
0.009171999990940094
0.11544200032949448
0.03809199994429946
0.02648899983614683
0.005903000012040138
0.04717699997127056
0.09363399958238006
0.05317599978297949
0.021188999991863966
0.07165300007909536
0.011231000069528818
0.05453100008890033
0.017829000018537045
0.011941999662667513
0.017020000144839287
0.1925389999523759
0.13779200008139014
0.09694099985063076
0.003817000426352024
0.12432899978011847
0.16461100010201335
0.4291030000895262
0.09186599962413311
0.14695699978619814
0.103708999697119
0.017924000043421984
0.014010000042617321
0.03262299997732043
0.06337499991059303
Total sum of second timestamps: 40.66830499051139
