0.04181199986487627
0.13348499964922667
0.018351000268012285
0.12184499995782971
0.06728600012138486
0.08260399987921119
0.06002799980342388
0.20660800021141768
0.10529099963605404
0.0778309996239841
0.0231910003349185
0.1358819999732077
0.0427029998973012
0.009603000245988369
0.020522000268101692
0.1522659999318421
0.0292560001835227
0.061922000255435705
0.300311999861151
0.12296999990940094
0.12244400009512901
0.1851090001873672
0.03621700033545494
0.20947400014847517
0.24853299977257848
0.007501999847590923
0.09069900028407574
0.03575999988242984
0.001689000055193901
0.0054339999333024025
0.2939969999715686
0.15861100004985929
0.06467100000008941
0.11901600006967783
0.09181800018996
0.003343000076711178
0.22382199997082353
0.10636699991300702
0.11179200001060963
0.036422000266611576
0.0151269999332726
0.17675200011581182
0.03341899998486042
0.18654600018635392
0.09671299997717142
0.07402699999511242
0.16306900000199676
0.21472400007769465
0.140516999643296
0.20157000003382564
0.020260999910533428
0.21061599999666214
0.17744100000709295
0.04713400034233928
0.027501999866217375
0.030627999920397997
0.021366999950259924
0.026951999869197607
0.04490099987015128
0.19776499969884753
0.011234000325202942
0.11909499997273088
0.22778999991714954
0.0402730000205338
0.03833799995481968
0.022040999960154295
0.023363000247627497
0.10978499986231327
0.1314459997229278
0.11390399979427457
0.2498209998011589
0.06143900007009506
0.022878000047057867
0.10993700008839369
0.285302999895066
0.11883800011128187
0.01208000024780631
0.0067910002544522285
0.019084000028669834
0.14275499992072582
0.11740899970754981
0.014314999803900719
0.019051000010222197
0.01119800005108118
0.004652999807149172
0.006283999886363745
0.21374500030651689
0.016581999603658915
0.04142799973487854
0.14276399975642562
0.06701499968767166
0.050214999821037054
0.008760999888181686
0.11799999978393316
0.4047769997268915
0.175052999984473
0.08261299971491098
0.11479899985715747
0.21627900004386902
0.14817800000309944
0.11348900012671947
0.3425289997830987
0.057308999821543694
0.1476790001615882
0.0066810003481805325
0.023767000064253807
0.021699000149965286
0.03176699997857213
0.021945999935269356
0.08355799969285727
0.087761000264436
0.2963910000398755
0.06582700042054057
0.010018999688327312
0.07482099998742342
0.049961999990046024
0.1568279997445643
0.00027299998328089714
0.07604700000956655
0.022206000052392483
0.054980000015348196
0.030325999949127436
0.016808999702334404
0.0035079997032880783
0.09923399984836578
0.08459800016134977
0.017020000144839287
0.08222700003534555
0.03318199981004
0.018838999792933464
0.09621099987998605
0.024794999975711107
0.007660999894142151
0.17490500025451183
0.008205000311136246
0.037407999858260155
0.07495899964123964
0.02840700000524521
0.028363000135868788
0.01754700019955635
0.0003120000474154949
0.0335699999704957
0.04780999990180135
0.2093759998679161
0.10008599981665611
0.09648500010371208
0.12404099991545081
0.20668700011447072
0.018977999687194824
0.066191999707371
0.19610899966210127
0.17261300003156066
0.07154999999329448
0.026682000141590834
0.05650899978354573
0.1575189996510744
0.028669000137597322
0.09605100005865097
0.01247800001874566
0.0565200001001358
0.10736399982124567
0.020926000084728003
0.01078200014308095
0.037260000128299
0.2238949998281896
0.08109600003808737
0.14204500010237098
0.03400500025600195
0.08962500002235174
0.024972000159323215
0.006294999737292528
0.08683100016787648
0.028339999727904797
0.007964999880641699
0.227144000120461
0.025709999725222588
0.1195499999448657
0.014262000098824501
0.08189499983564019
0.01942799985408783
0.04630099982023239
0.04180500004440546
0.03289000038057566
0.08483600011095405
0.03441300010308623
0.01220100000500679
0.00046999985352158546
0.12408800004050136
0.010160000063478947
0.10638799984008074
0.04969500005245209
0.1025620000436902
0.05353499995544553
0.008224000222980976
0.040237999986857176
0.08920100005343556
0.011770000215619802
0.004597000312060118
0.12651600036770105
0.0487040001899004
0.07423699973151088
0.06290500005707145
0.037450999952852726
0.18298899987712502
0.01551199983805418
0.06217199983075261
0.07557700015604496
0.14757699985057116
0.008675000164657831
0.015494999941438437
0.021308000199496746
0.028650000225752592
0.17551300022751093
0.14058100013062358
0.0030869999900460243
0.1255229995585978
0.15071199974045157
0.02081400016322732
0.07899500010535121
0.0935639999806881
0.10592299979180098
0.042735999915748835
0.04743400029838085
0.04061499983072281
0.014009000267833471
0.0012240000069141388
0.04013800015673041
0.11143799964338541
0.08740700036287308
0.2100550001487136
0.1383030000142753
0.031159999780356884
0.00050400011241436
0.15478699980303645
0.08576800022274256
0.04267599992454052
0.10575200011953712
0.09438799973577261
0.002801000140607357
0.09646499995142221
0.08040800038725138
0.06991499988362193
0.0004779999144375324
0.025270000100135803
0.16240399982780218
0.03480100026354194
0.17600600002333522
0.031316000036895275
0.017186000011861324
0.05835100030526519
0.09383099991828203
0.01768600009381771
0.10204500006511807
0.06606499990448356
0.22462600003927946
0.21762900007888675
0.22578300023451447
0.06702199997380376
0.1339770001359284
0.0752220000140369
0.4466919996775687
0.03269999986514449
0.0741389999166131
0.1187029997818172
0.13203400000929832
0.07728500012308359
0.015225999988615513
0.166937000118196
0.09100000001490116
0.0789029998704791
0.08644900005310774
0.013392999768257141
0.002809000201523304
0.06085400003939867
0.060320000164210796
0.05609200010076165
0.004145999904721975
0.04047599993646145
0.050150000024586916
0.044417000375688076
0.0435199998319149
0.10537200001999736
0.13970199972391129
0.049331000074744225
0.4443239998072386
0.006431000307202339
0.07579699996858835
0.020684999879449606
0.21422200044617057
0.051794000435620546
0.1584230000153184
0.24785300018265843
0.12140100030228496
0.06413300009444356
0.05410599987953901
0.05231099994853139
0.2849860000424087
0.05105500016361475
0.121201999951154
0.02483200002461672
0.2758920001797378
0.04290399979799986
0.0673739998601377
0.01766899973154068
0.03721600025892258
0.20694199996069074
0.07773599959909916
0.009693999774754047
0.018503000028431416
0.07486100029200315
0.07560999970883131
0.06859099958091974
0.023163000121712685
0.03512199968099594
0.2144200000911951
0.12272500013932586
0.22559799998998642
0.04951799986883998
0.13215900026261806
0.2810110002756119
0.02888400014489889
0.03798200003802776
0.11474399967119098
0.026579000055789948
0.010891000274568796
0.0813470003195107
0.21535700000822544
0.02764499979093671
0.018906999845057726
0.016156000085175037
0.02152700023725629
0.0011669998057186604
0.01067599980160594
0.08714900026097894
0.008868000004440546
0.00612399959936738
0.05718000000342727
0.02892300020903349
0.20291699981316924
0.01763699995353818
0.047116999980062246
0.11666400032117963
0.5166489998809993
0.06178600015118718
0.09034400014206767
0.0330790001899004
0.08670999994501472
0.004290999844670296
0.13552100025117397
0.09545900020748377
0.03128600027412176
0.029488999862223864
0.017475999891757965
0.00459099980071187
0.014270999934524298
0.012203000020235777
0.004998999647796154
0.24247300019487739
0.21611199993640184
0.024754999671131372
0.01541099976748228
0.053915999829769135
0.21706200018525124
0.07274800026789308
0.02127500018104911
0.08367400011047721
0.0014049997553229332
0.03559300024062395
0.06163299968466163
0.030584000051021576
0.08634300017729402
0.02612499985843897
0.03374599991366267
0.11866299994289875
0.09589200001209974
0.15542900003492832
0.07652000011876225
0.09187800018116832
0.15699300030246377
0.024670000188052654
0.06019999971613288
0.07877299981191754
0.14352699974551797
0.11122200032696128
0.03719499986618757
0.002025000285357237
0.0556729999370873
0.10266500012949109
0.059009999968111515
0.006804000120609999
0.05508800037205219
0.003703000023961067
0.023428999818861485
0.07873599976301193
0.27157700015231967
0.015141000039875507
0.11799599975347519
0.0005850000306963921
0.11114099994301796
0.21320899995043874
0.12913000024855137
0.008921000175178051
0.02280700020492077
0.00833500036969781
0.02708100015297532
0.2313459999859333
0.008475999813526869
0.15551199996843934
0.09827199997380376
0.04749399982392788
0.03263100003823638
0.011629999615252018
0.039581000339239836
0.0898739998228848
0.1771690002642572
0.019737000111490488
0.06272400030866265
0.23905500024557114
0.010854000225663185
0.06029300019145012
0.019809999968856573
0.014545999933034182
0.04740400006994605
0.08744000038132071
0.05165499961003661
0.12627699971199036
0.09618300013244152
0.16824499983340502
0.0040420000441372395
0.016257999930530787
0.009676999878138304
0.07557500014081597
0.10043099988251925
0.04350399971008301
0.07184100011363626
0.02090199990198016
0.039071999955922365
0.008559999987483025
0.040837000124156475
0.22674799989908934
0.14838699996471405
0.08404499990865588
0.08166899997740984
0.07206499995663762
0.002503999974578619
0.07630699966102839
0.012962999753654003
0.12521700002253056
0.11077200016006827
0.09157299995422363
0.009302000049501657
0.0089910002425313
0.026273999828845263
0.02828700002282858
0.24479900021106005
0.058927000034600496
0.22953200014308095
0.029085000045597553
0.08619399974122643
0.022092999890446663
0.08271799981594086
0.1397299999371171
0.002418999560177326
0.08011600002646446
0.12410699995234609
0.0066720000468194485
0.015811000019311905
0.037174999713897705
0.03966600028797984
0.00885300012305379
0.1696720002219081
0.009170999750494957
0.11543900007382035
0.03809100016951561
0.026486000046133995
0.005905000027269125
0.04717699997127056
0.0936329998075962
0.05317500000819564
0.02118699997663498
0.07165300007909536
0.011232000309973955
0.05453000031411648
0.01782499998807907
0.011941999662667513
0.017016000114381313
0.19253499992191792
0.137792999856174
0.09693899983540177
0.0038140001706779003
0.12432899978011847
0.1646099998615682
0.429105999879539
0.09186599962413311
0.14695699978619814
0.103708999697119
0.017924000043421984
0.014010000042617321
0.03261399967595935
0.06337699992582202
Total sum of second timestamps: 40.66774399811402
