0.04181499965488911
0.13348699966445565
0.018352000042796135
0.1218469999730587
0.06728699989616871
0.08260299963876605
0.06002999981865287
0.20660999976098537
0.10529199987649918
0.07783199986442924
0.02319200010970235
0.13588099973276258
0.04270199965685606
0.009602999780327082
0.020521999802440405
0.15226700017228723
0.02925699995830655
0.061922000255435705
0.30031400034204125
0.12296900013461709
0.12244699988514185
0.18510999996215105
0.0362179996445775
0.20947499992325902
0.24853400001302361
0.007499999832361937
0.0906980000436306
0.03575900010764599
0.0016860002651810646
0.005431999918073416
0.2939980002120137
0.1586090000346303
0.06467100000008941
0.11901800008490682
0.09181899996474385
0.003341000061482191
0.22382199997082353
0.10636600013822317
0.11179200001060963
0.036423000041395426
0.01512600015848875
0.17674400005489588
0.03341899998486042
0.18653700035065413
0.09671099996194243
0.07402699999511242
0.16306200018152595
0.21472099982202053
0.14051399985328317
0.20157099980860949
0.020262999925762415
0.21061399998143315
0.17743200017139316
0.04713399987667799
0.027501999866217375
0.030617999844253063
0.021372999995946884
0.026953999884426594
0.04489600006490946
0.19776599993929267
0.011234000325202942
0.11909400019794703
0.22778999991714954
0.04027799982577562
0.03833899972960353
0.022040000185370445
0.023366000037640333
0.10978899989277124
0.13144699996337295
0.11390700004994869
0.24982499983161688
0.06144100008532405
0.022880000062286854
0.10993900010362267
0.2853039996698499
0.11883600009605289
0.012078000232577324
0.006792000029236078
0.019084000028669834
0.14275499992072582
0.11742800008505583
0.01431900030001998
0.019051000010222197
0.01118599995970726
0.004650999791920185
0.006286000367254019
0.21374999964609742
0.016579000279307365
0.04142600018531084
0.14276199974119663
0.06701399991288781
0.050214000046253204
0.008761999662965536
0.11800599982962012
0.4047770001925528
0.17505000019446015
0.08261199994012713
0.11479899985715747
0.21627800026908517
0.1481770002283156
0.11349100014194846
0.34252800000831485
0.05731099983677268
0.1476790001615882
0.006678000092506409
0.023769000079482794
0.021698999684304
0.03176899999380112
0.021947999950498343
0.0835589999333024
0.08775800000876188
0.2963909995742142
0.06582800019532442
0.010021999944001436
0.07482099998742342
0.049962999764829874
0.1568259997293353
0.0002749999985098839
0.07604499999433756
0.02220299979671836
0.054980000015348196
0.030327000189572573
0.01680999994277954
0.0034920000471174717
0.09923599986359477
0.08459799969568849
0.017020000144839287
0.0822260002605617
0.03318100003525615
0.01883900025859475
0.09621300036087632
0.024796000216156244
0.0076590003445744514
0.1749040000140667
0.008206000085920095
0.037401999812573195
0.07495999988168478
0.02840600023046136
0.02836199989542365
0.0175479999743402
0.0003120000474154949
0.0335699999704957
0.047811000142246485
0.20937500009313226
0.10008700005710125
0.09648500010371208
0.12404000014066696
0.20668700011447072
0.018976000137627125
0.06619400018826127
0.1961099999025464
0.1726120002567768
0.07154399994760752
0.026676000095903873
0.05650900024920702
0.15752100013196468
0.028667999897152185
0.09605100005865097
0.012480000033974648
0.0565200001001358
0.10736800031736493
0.020924999844282866
0.0107829999178648
0.03726099990308285
0.2238949998281896
0.0810970002785325
0.14204700011759996
0.0340060000307858
0.08962699957191944
0.024972000159323215
0.0062939999625086784
0.08683199994266033
0.028340000193566084
0.007964999880641699
0.22713999962434173
0.025709999725222588
0.11954900017008185
0.014260999858379364
0.08189400006085634
0.019426999613642693
0.04629900027066469
0.041802999563515186
0.03288799989968538
0.0848369998857379
0.03441399987787008
0.012215000111609697
0.00047999992966651917
0.12409000005573034
0.010160999838262796
0.10639000032097101
0.04969599982723594
0.1025620000436902
0.05353299994021654
0.008223999757319689
0.04023900022730231
0.08920199982821941
0.011769999749958515
0.004592000041157007
0.12651699967682362
0.0487040001899004
0.07423700019717216
0.06290500005707145
0.03744299989193678
0.182990999892354
0.01551199983805418
0.062169999815523624
0.07557200035080314
0.1475780000910163
0.008673999924212694
0.01549299992620945
0.02130699995905161
0.028650000225752592
0.17551300022751093
0.14058000035583973
0.0030860002152621746
0.12552199978381395
0.15071199974045157
0.02081499993801117
0.07899399986490607
0.09356299974024296
0.10592299979180098
0.042736999690532684
0.047433000057935715
0.040616000071167946
0.014008999802172184
0.0012250002473592758
0.04012900032103062
0.11143200006335974
0.08740700036287308
0.2100550001487136
0.13830200023949146
0.03116100002080202
0.0005030003376305103
0.1547790002077818
0.08576600020751357
0.042671000119298697
0.10575399966910481
0.09438799973577261
0.002807999961078167
0.09646600019186735
0.08040700014680624
0.06991699989885092
0.00047999992966651917
0.025270000100135803
0.16240299958735704
0.0348000000230968
0.17600600002333522
0.031315000262111425
0.017177999950945377
0.058354000095278025
0.09383400017395616
0.017687000334262848
0.10204900009557605
0.0660660001449287
0.2246289998292923
0.21763100009411573
0.22578400000929832
0.06702199997380376
0.13397399988025427
0.07522100023925304
0.44668899988755584
0.03269999986514449
0.07413500035181642
0.11870400002226233
0.13203400000929832
0.07728100009262562
0.0152280000038445
0.16693499963730574
0.09100000001490116
0.0789029998704791
0.08644899958744645
0.013391999993473291
0.002816000021994114
0.06085300026461482
0.06032999977469444
0.05609400011599064
0.004145000129938126
0.04047599993646145
0.05015299981459975
0.04441600013524294
0.043518999591469765
0.10537200001999736
0.13970200018957257
0.04932999983429909
0.44432400027289987
0.006434999871999025
0.07579699996858835
0.020684999879449606
0.21422100020572543
0.05179399996995926
0.1584230000153184
0.24785100016742945
0.12139999959617853
0.0641270000487566
0.054104999639093876
0.05232399981468916
0.2849840000271797
0.05105099966749549
0.12119900016114116
0.02483000000938773
0.2758940001949668
0.04290399979799986
0.06737200031057
0.01766700018197298
0.037211999762803316
0.20694199996069074
0.07773700030520558
0.009692999999970198
0.018498999997973442
0.07486000005155802
0.07560899993404746
0.0685879997909069
0.023163999896496534
0.03512100037187338
0.21441899985074997
0.1227259999141097
0.22560800006613135
0.04952000034973025
0.1321639996021986
0.2810109998099506
0.028888999950140715
0.0379849998280406
0.1147469999268651
0.026573000010102987
0.010891000274568796
0.08134699985384941
0.21535399975255132
0.027646000031381845
0.018908999860286713
0.01615900034084916
0.021528000012040138
0.0011660000309348106
0.010679000057280064
0.0871480000205338
0.008860000409185886
0.0061160000041127205
0.05718000000342727
0.028922999743372202
0.20291700027883053
0.017640999983996153
0.047116999980062246
0.11666399985551834
0.5166549999266863
0.06178999971598387
0.09034800017252564
0.033081999979913235
0.08671099971979856
0.004290999844670296
0.1355240000411868
0.09545700019225478
0.03128300001844764
0.029488999862223864
0.017475000116974115
0.0045889997854828835
0.014276999980211258
0.012202000245451927
0.0049959998577833176
0.2424800000153482
0.21610799990594387
0.024752999655902386
0.015411000233143568
0.05391800031065941
0.21705499989911914
0.07274299999698997
0.021277000196278095
0.0836760001257062
0.0014030002057552338
0.03559499979019165
0.06163199990987778
0.030584999825805426
0.08634899975731969
0.026122999843209982
0.03374599991366267
0.11866299994289875
0.09589299978688359
0.15542999980971217
0.07651799963787198
0.09187799971550703
0.15699400007724762
0.02467299997806549
0.06019999971613288
0.07877400005236268
0.14352299971506
0.11122399987652898
0.03719400009140372
0.002025000285357237
0.055675999727100134
0.10266200033947825
0.05900899972766638
0.006803000345826149
0.05509099969640374
0.0037010000087320805
0.02341700019314885
0.07873600022867322
0.2715779999271035
0.01513999979943037
0.1179920001886785
0.0005870000459253788
0.1111420001834631
0.21320500038564205
0.1291259997524321
0.008918999694287777
0.02280700020492077
0.008333999663591385
0.027065000031143427
0.23134699976071715
0.00849999999627471
0.15551599999889731
0.09827600000426173
0.04749200027436018
0.03262900002300739
0.011620000004768372
0.03957999963313341
0.08987300004810095
0.17716800002381206
0.01973599987104535
0.06272400030866265
0.23905500024557114
0.010879999957978725
0.060295999981462955
0.01981800002977252
0.014551999978721142
0.04740099981427193
0.08744499972090125
0.051657000090926886
0.12627499969676137
0.09618300013244152
0.16824600007385015
0.004029999952763319
0.01624900009483099
0.009676000103354454
0.07557900017127395
0.1004300001077354
0.04350200016051531
0.07184300012886524
0.020900999661535025
0.039071999955922365
0.008555999957025051
0.040837999898940325
0.2267519999295473
0.14838699996471405
0.08404400013387203
0.08166999975219369
0.07206499995663762
0.002503999974578619
0.07630799990147352
0.012966000009328127
0.1252109999768436
0.110769999679178
0.09156999969854951
0.00930000003427267
0.008987999986857176
0.026273999828845263
0.028288000263273716
0.24479399994015694
0.05892599979415536
0.2295309999026358
0.02908700006082654
0.08619399974122643
0.022092000115662813
0.08271800028160214
0.1397299999371171
0.0024270000867545605
0.08011499978601933
0.12410400016233325
0.006672999821603298
0.01581399980932474
0.037174999713897705
0.03966700006276369
0.00885900016874075
0.16966799972578883
0.009175000246614218
0.11543399980291724
0.03809199994429946
0.026486000046133995
0.0059020002372562885
0.04717699997127056
0.09363400004804134
0.05317500000819564
0.02118699997663498
0.07165199983865023
0.011233999859541655
0.05452399980276823
0.017828000243753195
0.011947999708354473
0.01701899990439415
0.1925369999371469
0.137792999856174
0.09693899983540177
0.0038169999606907368
0.12432900024577975
0.16460799984633923
0.42910700011998415
0.09186499984934926
0.1469560000114143
0.10370999993756413
0.017924000043421984
0.014009000267833471
0.032615999691188335
0.06336800009012222
Total sum of second timestamps: 40.66772199468687
