0.04181199986487627
0.1334840003401041
0.01834899978712201
0.12184499995782971
0.06728499988093972
0.08260300010442734
0.06002999981865287
0.20660999976098537
0.10528800031170249
0.07783100008964539
0.023188000079244375
0.1358819999732077
0.04270199965685606
0.009602999780327082
0.020521000027656555
0.1522659999318421
0.029253999702632427
0.06192100001499057
0.3003130001015961
0.12296999990940094
0.122446000110358
0.18510999996215105
0.036216000095009804
0.20947499992325902
0.24853299977257848
0.007501999847590923
0.0906980000436306
0.03575800033286214
0.0016870000399649143
0.00543400039896369
0.2939969999715686
0.1586090000346303
0.06467900006100535
0.11901599960401654
0.09181899996474385
0.003344000317156315
0.22382199997082353
0.10636699991300702
0.11178999999538064
0.03642100002616644
0.015128000173717737
0.17676199972629547
0.03342700004577637
0.18653999967500567
0.09671099996194243
0.07402699999511242
0.16306200018152595
0.21472200006246567
0.1405150000937283
0.20157000003382564
0.020260999910533428
0.21061399998143315
0.177432999946177
0.047131999861449
0.027499999850988388
0.030617999844253063
0.02136299991980195
0.02694300003349781
0.04489600006490946
0.19777100021019578
0.011235000099986792
0.11909599974751472
0.22778999991714954
0.04026699997484684
0.03833400039002299
0.02203099988400936
0.02336299978196621
0.10978199960663915
0.1314479997381568
0.1139050000347197
0.24982699984684587
0.06143999984487891
0.022878000047057867
0.10993999987840652
0.28530400013551116
0.11883999966084957
0.012079999782145023
0.006792999804019928
0.019085999578237534
0.14275600016117096
0.11741199996322393
0.014314999803900719
0.019052000250667334
0.011196999810636044
0.004654999822378159
0.006281000096350908
0.21374900033697486
0.016579999588429928
0.041424999944865704
0.14276299998164177
0.06700800033286214
0.050214000046253204
0.008756999857723713
0.11800300003960729
0.40477800043299794
0.17505000019446015
0.08261300018057227
0.11479800008237362
0.216281000059098
0.14817599998787045
0.11348999990150332
0.34252099972218275
0.05731099983677268
0.1476719998754561
0.006680000107735395
0.023760000243782997
0.021699000149965286
0.03176799975335598
0.021947000175714493
0.08355699991807342
0.08775900024920702
0.2963930000551045
0.06582800019532442
0.010023000184446573
0.07482099998742342
0.049961999990046024
0.1568260001949966
0.0002709999680519104
0.07604499999433756
0.022206000052392483
0.054980000015348196
0.03032399993389845
0.016807999927550554
0.003502999898046255
0.09923599986359477
0.08459699992090464
0.017010999843478203
0.08222500002011657
0.033177000004798174
0.018838000018149614
0.09620999963954091
0.024796999990940094
0.007666999939829111
0.17490300023928285
0.008207000326365232
0.03739999979734421
0.07495999988168478
0.02840099995955825
0.028363000135868788
0.017549000214785337
0.00031399959698319435
0.03357100021094084
0.047811000142246485
0.20937500009313226
0.10008599981665611
0.09648500010371208
0.12404099991545081
0.20668599987402558
0.018969999626278877
0.066191999707371
0.19610900012776256
0.1726140002720058
0.07154299970716238
0.026674999855458736
0.05650800000876188
0.15751600032672286
0.028669999912381172
0.0960539998486638
0.01247899979352951
0.05651699984446168
0.1073669996112585
0.020926000084728003
0.01077699987217784
0.037261000368744135
0.22389600006863475
0.08109699981287122
0.14204199984669685
0.0340060000307858
0.08962600026279688
0.024974000174552202
0.006297999992966652
0.08683199994266033
0.028340999968349934
0.007966000121086836
0.22713899984955788
0.025709999725222588
0.1195499999448657
0.014262000098824501
0.0818859999999404
0.019429000094532967
0.04629900027066469
0.041802000254392624
0.03288899967446923
0.08483000006526709
0.03441600035876036
0.012204000260680914
0.00047900015488266945
0.12409000005573034
0.01017099991440773
0.10638999985530972
0.04969599982723594
0.10256299981847405
0.05353200016543269
0.008224000222980976
0.04023900022730231
0.08919999981299043
0.011768999975174665
0.004599999636411667
0.12651100009679794
0.04870299994945526
0.07423399994149804
0.06290399981662631
0.03744100034236908
0.18298699986189604
0.01551100006327033
0.062170999590307474
0.07557300012558699
0.14757200004532933
0.008673000149428844
0.01549299992620945
0.021302999928593636
0.028647999744862318
0.17551299976184964
0.14057999989017844
0.0030860002152621746
0.12552200024947524
0.1507149999961257
0.020816000178456306
0.07899400033056736
0.09356300020590425
0.10592400003224611
0.04273700015619397
0.047434999607503414
0.040616000071167946
0.014008000027388334
0.0012240000069141388
0.040131000336259604
0.11143100028857589
0.08740699989721179
0.2100549996830523
0.1383030000142753
0.03116000024601817
0.00050400011241436
0.15477999998256564
0.08576599974185228
0.04266999987885356
0.105746999848634
0.09438899997621775
0.002788000274449587
0.09645899990573525
0.08040700014680624
0.06991400010883808
0.0004779999144375324
0.025268999859690666
0.16240300005301833
0.03479899978265166
0.17600600002333522
0.031316000036895275
0.017179999966174364
0.05834400001913309
0.09383099991828203
0.01768600009381771
0.10204600030556321
0.06606699991971254
0.22462800005450845
0.2176279998384416
0.22578300023451447
0.0670230002142489
0.13397599989548326
0.07522299978882074
0.44668499985709786
0.03269800031557679
0.07413400011137128
0.11869599996134639
0.13202899973839521
0.0772830001078546
0.015223000198602676
0.16693800035864115
0.09099899977445602
0.07890200009569526
0.08644900005310774
0.013382999692112207
0.002816000021994114
0.06085499981418252
0.060320000164210796
0.05609200010076165
0.004146999679505825
0.04047400038689375
0.05014800000935793
0.04440999962389469
0.043517000041902065
0.10537100024521351
0.13969899993389845
0.04933099960908294
0.4443270000629127
0.006434000097215176
0.07579599972814322
0.020684999879449606
0.21422399999573827
0.05179399996995926
0.1584230000153184
0.2478519999422133
0.1214020000770688
0.06412500003352761
0.05410500010475516
0.05231000017374754
0.2849770002067089
0.05104900011792779
0.12119900016114116
0.02482399996370077
0.27589299995452166
0.042905000038444996
0.06737300008535385
0.01766899973154068
0.037204999942332506
0.2069390001706779
0.07773599959909916
0.009695000015199184
0.018505000043660402
0.07486000005155802
0.07560800015926361
0.06859200028702617
0.023162000346928835
0.03512099990621209
0.21441899985074997
0.12272399989888072
0.2256000000052154
0.04951799986883998
0.13216000003740191
0.2810090002603829
0.02888400014489889
0.03798000002279878
0.11474299989640713
0.026568999979645014
0.010873999912291765
0.0813470003195107
0.21535700000822544
0.027642000000923872
0.018908999860286713
0.01616000011563301
0.021528000012040138
0.0011680000461637974
0.010679999832063913
0.0871480000205338
0.008859999943524599
0.0061250003054738045
0.057181000243872404
0.028919000178575516
0.20291499979794025
0.017634000163525343
0.04711500043049455
0.11666400032117963
0.5166420000605285
0.06178699992597103
0.09034400014206767
0.03307799994945526
0.08670899970456958
0.004290000069886446
0.13552200002595782
0.09545799996703863
0.03128100000321865
0.029479000251740217
0.017475999891757965
0.004601999651640654
0.014273999724537134
0.01220100000500679
0.004996000323444605
0.2424780000001192
0.21610799990594387
0.024752999655902386
0.01541099976748228
0.053915000054985285
0.21705499989911914
0.07274199975654483
0.02126700012013316
0.08367699990049005
0.0014029997400939465
0.03559099975973368
0.06163299968466163
0.030584999825805426
0.08633700013160706
0.02612400008365512
0.033743999898433685
0.1186639997176826
0.09589400002732873
0.15542900003492832
0.07651899987831712
0.09187699994072318
0.15699500031769276
0.024670999962836504
0.06019899994134903
0.07877299981191754
0.14352199994027615
0.11122299963608384
0.037192999850958586
0.002022999804466963
0.05566799966618419
0.10266100009903312
0.05900799995288253
0.006802999880164862
0.05508999992161989
0.0037000002339482307
0.023416999727487564
0.07873499998822808
0.27157700015231967
0.01513900002464652
0.11799099994823337
0.0005840002559125423
0.11114000016823411
0.21320500038564205
0.12912699999287724
0.008919999934732914
0.02280700020492077
0.008332999888807535
0.027064000256359577
0.2313459999859333
0.008477000053972006
0.15551199996843934
0.09827399998903275
0.04749199980869889
0.03262900002300739
0.011622000019997358
0.0395800000987947
0.08987300004810095
0.17716699978336692
0.01973599987104535
0.06272600032389164
0.23905300023034215
0.010855999775230885
0.06029299972578883
0.019809999968856573
0.014545999933034182
0.04739800002425909
0.08743900014087558
0.05165400030091405
0.12627500016242266
0.09618300013244152
0.16824499983340502
0.004029999952763319
0.01624900009483099
0.009669000282883644
0.07557700015604496
0.10043100034818053
0.04349600011482835
0.0718419998884201
0.020899000111967325
0.039072999730706215
0.008573999628424644
0.040837000124156475
0.22674900013953447
0.1483860001899302
0.08403899986296892
0.08167200023308396
0.07205899991095066
0.002503999974578619
0.07630900014191866
0.012966999784111977
0.12521200021728873
0.11077099991962314
0.09156499989330769
0.009299000259488821
0.008987999986857176
0.026273000054061413
0.02828799979761243
0.24479399994015694
0.058927000034600496
0.22953199967741966
0.029084000270813704
0.08619499998167157
0.022092000115662813
0.08271399978548288
0.13973100017756224
0.00242799986153841
0.08011600002646446
0.12410400016233325
0.006668000016361475
0.01581400027498603
0.037174999713897705
0.03966700006276369
0.008854999672621489
0.16967099998146296
0.009171999990940094
0.11543399980291724
0.03808999992907047
0.026487000286579132
0.0059009999968111515
0.04717600019648671
0.09363000001758337
0.053176000248640776
0.02118699997663498
0.07165300007909536
0.011231000069528818
0.05452300002798438
0.017828000243753195
0.011952999979257584
0.017022999934852123
0.19253600016236305
0.13779400009661913
0.09694000007584691
0.00381499994546175
0.12433200003579259
0.16460100002586842
0.42910399986431
0.09186500031501055
0.1469560000114143
0.10370999993756413
0.017922000028192997
0.014010000042617321
0.032614999916404486
0.06336900033056736
Total sum of second timestamps: 40.66719699976966
