[36, 169]
[37, 169]
[38, 169]
[39, 169]
[40, 169]
[41, 169]
[42, 169]
[43, 169]
[44, 169]
[46, 169]
[47, 169]
[48, 169]
[49, 169]
[50, 169]
[51, 169]
[52, 169]
[53, 169]
[54, 169]
[55, 169]
[56, 169]
[57, 169]
[58, 169]
[59, 169]
[60, 169]
[61, 169]
[62, 169]
[63, 169]
[64, 169]
[65, 169]
[66, 169]
[67, 169]
[68, 169]
[69, 169]
[70, 169]
[71, 169]
[72, 169]
[73, 169]
[74, 169]
[75, 169]
[76, 169]
[77, 169]
[78, 169]
[79, 169]
[80, 169]
[81, 169]
[82, 169]
[83, 169]
[84, 169]
[85, 169]
[86, 169]
[98, 169]
[104, 169]
[105, 169]
[106, 169]
[107, 169]
[108, 169]
[109, 169]
[110, 169]
[111, 169]
[112, 169]
[113, 169]
[116, 169]
[117, 169]
[118, 169]
[119, 169]
[120, 169]
[121, 169]
[122, 169]
[123, 169]
[124, 169]
[125, 169]
[126, 169]
[128, 169]
[129, 169]
[130, 169]
[131, 169]
[134, 169]
[136, 169]
[139, 169]
[142, 169]
[143, 169]
[144, 169]
[146, 169]
[147, 169]
[149, 169]
[150, 169]
[151, 169]
[152, 169]
[153, 169]
[154, 169]
[155, 169]
[156, 169]
[157, 169]
[158, 169]
[159, 169]
[160, 169]
[161, 169]
[162, 169]
[163, 169]
[164, 169]
[165, 169]
[166, 169]
[167, 169]
[168, 169]
[169, 169]
[170, 169]
[171, 169]
[172, 169]
[173, 169]
[174, 169]
[175, 169]
[176, 169]
[177, 169]
[178, 169]
[179, 169]
[180, 169]
[181, 169]
[182, 169]
[183, 169]
[184, 169]
[185, 169]
[186, 169]
[187, 169]
[188, 169]
[189, 169]
[190, 169]
[191, 169]
[192, 169]
[193, 169]
[194, 169]
[195, 169]
[196, 169]
[197, 169]
[198, 169]
[199, 169]
[200, 169]
[201, 169]
[202, 169]
[203, 169]
[204, 169]
[205, 169]
[206, 169]
[207, 169]
[208, 169]
[209, 169]
[210, 169]
[211, 169]
[212, 169]
[213, 169]
[214, 169]
[215, 169]
[216, 169]
[217, 169]
[218, 169]
[219, 169]
[220, 169]
[221, 169]
[222, 169]
[223, 169]
[224, 169]
[225, 169]
[226, 169]
[227, 169]
[228, 169]
[229, 169]
[230, 169]
[231, 169]
[232, 169]
[233, 169]
[234, 169]
[235, 169]
[236, 169]
[237, 169]
[238, 169]
[239, 169]
[240, 169]
[241, 169]
[242, 169]
[243, 169]
[244, 169]
[245, 169]
[246, 169]
[247, 169]
[248, 169]
[249, 169]
[250, 169]
[251, 169]
[252, 169]
[253, 169]
[254, 169]
[255, 169]
[256, 169]
[257, 169]
[258, 169]
[259, 169]
[260, 169]
[261, 169]
[262, 169]
[263, 169]
[264, 169]
[265, 169]
[266, 169]
[267, 169]
[268, 169]
[269, 169]
[270, 169]
[271, 169]
[272, 169]
[273, 169]
[274, 169]
[275, 169]
[276, 169]
[277, 169]
[278, 169]
[279, 169]
[280, 169]
[281, 169]
[282, 169]
[283, 169]
