0.041871999856084585
0.13354599988088012
0.018413000274449587
0.12191900005564094
0.1483720000833273
0.19843300012871623
0.19356600008904934
0.3547930000349879
0.1559379999525845
0.1327789998613298
0.14068799978122115
0.2749230000190437
0.30286099994555116
0.2954200003296137
0.3020359999500215
0.15233599999919534
0.10965200001373887
0.07672600029036403
0.3003720003180206
0.35530500020831823
0.443144999910146
0.5534369996748865
0.5385469999164343
0.7147030001506209
0.7983530000783503
0.7986200000159442
0.8146649999544024
0.8290760000236332
0.609825000166893
0.6086220000870526
0.8414250002242625
0.972812999971211
0.804990999866277
0.8929889998398721
0.937774000223726
0.8692589998245239
1.0172330001369119
1.066035999916494
0.9107340001501143
0.9137039999477565
0.8266689996235073
0.8869779999367893
0.8623910001479089
0.8721989998593926
0.9429029999300838
0.9737929999828339
0.8234239998273551
0.931053000036627
1.0136610004119575
1.1644060001708567
1.069395000115037
1.2141330000013113
1.0914849997498095
1.1226369999349117
1.0476640001870692
0.981623999774456
0.8488059998489916
0.8165000001899898
0.8406279999762774
0.9570899996906519
0.9497340000234544
1.0579380001872778
1.2173190000467002
0.8392579997889698
0.7622400000691414
0.6457259999588132
0.6342440000735223
0.6561990003101528
0.7711069998331368
0.8715960001572967
1.1034909998998046
1.1571809998713434
1.1746630002744496
1.2652139998972416
1.3906640000641346
1.4026240003295243
1.312686000019312
1.3096610000357032
1.2553020003251731
1.390804000198841
1.446328000165522
1.3754680003039539
1.3891830001957715
0.20488699991255999
0.004707000218331814
0.006357000209391117
0.2138229999691248
0.2299830000847578
0.18129399977624416
0.30624599987640977
0.1290339999832213
0.1347550000064075
0.05688600009307265
0.11806500004604459
0.44716900028288364
0.5859349998645484
0.5825109998695552
0.5595479998737574
0.7722179996781051
0.741272000130266
0.6481879996135831
0.6022939998656511
0.42591700004413724
0.46365900011733174
0.45242600003257394
0.2564050001092255
0.17319400003179908
0.10566699970513582
0.02201199997216463
0.08362200018018484
0.16367699997499585
0.43475200003013015
0.42910399986431
0.40626699989661574
0.35405200021341443
0.3402439998462796
0.20825299993157387
0.16752099990844727
0.18656000029295683
0.16646100021898746
0.05507300002500415
0.03040499985218048
0.016870999708771706
0.0035660001449286938
0.09930499969050288
0.13046200014650822
0.03540499974042177
0.08230100013315678
0.033250000327825546
0.018914000131189823
0.09628299996256828
0.02485699998214841
0.007726000156253576
0.17497699987143278
0.15300599997863173
0.07453199988231063
0.1376900002360344
0.08012000005692244
0.028426000382751226
0.017613000236451626
0.000376999843865633
0.03364199958741665
0.04787500016391277
0.2364010000601411
0.10014900006353855
0.09654900012537837
0.20767599996179342
0.36593700014054775
0.09834300028160214
0.06625299993902445
0.19617700017988682
0.333511000033468
0.16465199971571565
0.12237899983301759
0.1611189995892346
0.157581000123173
0.12394799990579486
0.15148300025612116
0.14406300010159612
0.07054200023412704
0.1074290000833571
0.02099799970164895
0.012147999834269285
0.037330000195652246
0.2463490003719926
0.2881689998321235
0.1910839998163283
0.04378300020471215
0.0896879998035729
0.06451799999922514
0.006382000166922808
0.08690900029614568
0.10384000046178699
0.06661300035193563
0.2534929998219013
0.22345799999311566
0.25539800012484193
0.1621429999358952
0.17719499999657273
0.019488000310957432
0.04636600008234382
0.04186700005084276
0.03296400001272559
0.08977899979799986
0.03442399995401502
0.01228999998420477
0.0005350001156330109
0.12416499992832541
0.010226999875158072
0.10645900014787912
0.049765000119805336
0.14728499995544553
0.05359699996188283
0.03813700005412102
0.040301000233739614
0.11901400005444884
0.09486300032585859
0.004648999776691198
0.12651800038293004
0.1140220002271235
0.07429799996316433
0.12452099984511733
0.07553699985146523
0.18305099988356233
0.1622850000858307
0.15971700008958578
0.14119300013408065
0.19228600012138486
0.17434599995613098
0.18257199972867966
0.02136899996548891
0.028710999991744757
0.17558000003919005
0.27196700032800436
0.2328510000370443
0.25073999958112836
0.37168100010603666
0.2941540000028908
0.3363029998727143
0.4077939996495843
0.5020940001122653
0.392382999882102
0.41745899990200996
0.4201399995945394
0.4078820003196597
0.3329949998296797
0.2920679999515414
0.3556580003350973
0.40661800000816584
0.5865009999834001
0.6444349996745586
0.5597600000910461
0.44057799968868494
0.4915439998731017
0.5011729998514056
0.44749299995601177
0.480148000176996
0.5295669999904931
0.37044399976730347
0.4503049999475479
0.5241430001333356
0.5732789998874068
0.45325900008901954
0.47841400001198053
0.6043969998136163
0.5326669998466969
0.6886830003932118
0.6099349996075034
0.521180999930948
0.3632259997539222
0.4399600001052022
0.28105099964886904
0.14856599969789386
0.16445300029590726
0.22469200007617474
0.3080110000446439
0.507248000241816
0.494096000213176
0.5598649997264147
0.35518600000068545
0.6335919997654855
0.5592280002310872
0.3586980002000928
0.26999499974772334
0.3004709999077022
0.22839100006967783
0.21312600001692772
0.3164579998701811
0.2487329998984933
0.12124999985098839
0.15451000025495887
0.07703100005164742
0.002801000140607357
0.06091899983584881
0.060390000231564045
0.0561639997176826
0.048359999898821115
0.04053799994289875
0.05021699983626604
0.04449199978262186
0.07246300019323826
0.14945900021120906
0.2873979997821152
0.2514609997160733
0.6083889999426901
0.5499319997616112
0.6196739999577403
0.5379810002632439
0.7270209998823702
0.6793220001272857
0.7038239999674261
0.8939609997905791
0.7103140000253916
0.5450890003703535
0.5586080001667142
0.5861780000850558
0.5719349998980761
0.4072920000180602
0.5081839999184012
0.38148900028318167
0.42221099976450205
0.3217249996960163
0.34877200005576015
0.28416100004687905
0.2240349999628961
0.36596399964764714
0.3375949999317527
0.32362399995326996
0.14154200023040175
0.16962100006639957
0.14122999971732497
0.09693800006061792
0.11402900004759431
0.06621799990534782
0.2787240003235638
0.40053500002250075
0.5341469999402761
0.36544999992474914
0.4786009998060763
0.692720000166446
0.6197089999914169
0.6408080002292991
0.5416709999553859
0.3385459999553859
0.2848280002363026
0.08142400020733476
0.21542399981990457
0.11624900018796325
0.11481099994853139
0.11267400020733476
0.035804000217467546
0.023420999757945538
0.010735000018030405
0.08721200004220009
0.03411300014704466
0.006200000178068876
0.05725599965080619
0.03612900013104081
0.20297900028526783
0.19263399997726083
0.15624099969863892
0.2693679998628795
0.6178589998744428
0.6355759999714792
0.72228500014171
0.7329270001500845
0.6993070002645254
0.4834620002657175
0.5772060002200305
0.5271209999918938
0.4384340001270175
0.23337800009176135
0.11121399980038404
0.004660999868065119
0.014354999642819166
0.015868000220507383
0.005060000345110893
0.24254400003701448
0.2383240000344813
0.25730999978259206
0.20941000012680888
0.1748879998922348
0.3040919997729361
0.20779599994421005
0.154296999797225
0.10725199989974499
0.07797400001436472
0.03630100004374981
0.06169799994677305
0.06925199972465634
0.10434200009331107
0.026202999986708164
0.033807999920099974
0.11872800020501018
0.1904739998281002
0.3160480000078678
0.3909350000321865
0.29147699987515807
0.40969600016251206
0.3595340000465512
0.39093100000172853
0.46209400007501245
0.38505699997767806
0.4205549997277558
0.13842299999669194
0.09828100027516484
0.1494530001655221
0.2516020000912249
0.27595199970528483
0.11118000000715256
0.10324799967929721
0.08575099986046553
0.023484000004827976
0.0934009999036789
0.2716389996930957
0.2770320000126958
0.1929250000976026
0.12889300007373095
0.11120299994945526
0.2379890000447631
0.23096199985593557
0.22974300011992455
0.02287099976092577
0.008395999670028687
0.027129999827593565
0.23141399957239628
0.2208589999936521
0.23329999996349216
0.09834099980071187
0.10404800018295646
0.07569799991324544
0.011674999725073576
0.03964799968525767
0.12104700040072203
0.28348400024697185
0.2910649999976158
0.2664549998007715
0.3951440001837909
0.36856399988755584
0.28266500029712915
0.2985709998756647
0.26215399987995625
0.24928099988028407
0.29986399970948696
0.35097100026905537
0.4637520001269877
0.5511399996466935
0.5652379998937249
0.32822000002488494
0.3379950001835823
0.27277899999171495
0.08542500017210841
0.13674800004810095
0.07851799996569753
0.07282499969005585
0.020967000164091587
0.0391440000385046
0.008634000085294247
0.04090900020673871
0.22681799996644258
0.23765800008550286
0.1324649997986853
0.08879899978637695
0.08825899986550212
0.020957999862730503
0.07637300016358495
0.013036000076681376
0.12527400022372603
0.21424399968236685
0.11983700003474951
0.1087970002554357
0.0802429998293519
0.02633799985051155
0.028351999819278717
0.2508669998496771
0.2026019999757409
0.4070389997214079
0.28540500020608306
0.35626500006765127
0.29602700006216764
0.17205499997362494
0.1996919997036457
0.02338699996471405
0.0801809998229146
0.12418399984017015
0.006772000342607498
0.015890000388026237
0.0372529998421669
0.05719800014048815
0.00885300012305379
0.1697660000063479
0.13950600009411573
0.1613900000229478
0.038182999938726425
0.026581000071018934
0.005966000258922577
0.04724700003862381
0.09370499989017844
0.0532359997741878
0.02128200000151992
0.07173300022259355
0.05471999989822507
0.07340799970552325
0.017886999994516373
0.012006000149995089
0.0170800001360476
0.19259799970313907
0.33010700019076467
0.39297399995848536
0.2916680001653731
0.39670699974521995
0.2401279998011887
0.6572619997896254
0.725901999976486
0.7960509997792542
0.8370579998008907
0.6321179997175932
0.5941619998775423
0.4447679999284446
0.3961600000038743
Total sum of second timestamps: 164.36225799890235
