0.041871999856084585
0.13356099976226687
0.018351000268012285
0.12186099961400032
0.15202599996700883
0.2050459999591112
0.20607999991625547
0.3714339998550713
0.20022699981927872
0.18624800024554133
0.19555200031027198
0.32993900030851364
0.35922199999913573
0.35333200031891465
0.3612160002812743
0.15233899978920817
0.11619899980723858
0.09189199982210994
0.3003100003115833
0.3614260000176728
0.45240999991074204
0.5695079998113215
0.5592659995891154
0.7384370001964271
0.8370740003883839
0.8380080000497401
0.8608410004526377
0.8771939999423921
0.6780409999191761
0.6774440002627671
0.9158089999109507
1.0496720001101494
0.902985000051558
0.9938000002875924
1.0428580003790557
0.9808739996515214
1.1357419998385012
1.1897789998911321
1.0587570001371205
1.064767999574542
0.9870210001245141
1.0579149997793138
1.0385999996215105
1.0644740001298487
1.1375429998151958
1.1723560001701117
1.0504809999838471
1.1678459998220205
1.2557190000079572
1.411084999796003
1.3265550001524389
1.4772809999994934
1.3819130002520978
1.4145170003175735
1.3488610000349581
1.2916109999641776
1.1728080003522336
1.1458879997953773
1.1719029997475445
1.2957550003193319
1.2900890000164509
1.399284000042826
1.5648829997517169
1.2248480003327131
1.1583150001242757
1.054398000240326
1.046083000022918
1.076029000338167
1.192441999912262
1.2941519999876618
1.5276750000193715
1.5820720000192523
1.6000439999625087
1.692356999963522
1.8323420002125204
1.8540179999545217
1.7733539999462664
1.7712230002507567
1.7235420001670718
1.8597079999744892
1.9208599999547005
1.8577450001612306
1.8719419999979436
0.7963229999877512
0.6003240002319217
0.05032300017774105
0.2138510001823306
0.23004999989643693
0.1895540002733469
0.31612199964001775
0.16111399978399277
0.17088200012221932
0.10088899964466691
0.1180010000243783
0.45397999975830317
0.596045000012964
0.6004440002143383
0.5900070001371205
0.8030050001107156
0.7883449997752905
0.7140399999916553
0.7034590002149343
0.5483260001055896
0.5960610001347959
0.5864579998888075
0.41042099986225367
0.3367459997534752
0.278243999928236
0.19053700007498264
0.23784600012004375
0.318597000092268
0.5919710001908243
0.5928190001286566
0.5729700000956655
0.5323000000789762
0.524289000313729
0.4185520000755787
0.38154800003394485
0.4057680000551045
0.38951299991458654
0.2816429999656975
0.20965000009164214
0.166658999864012
0.05694500030949712
0.09924199990928173
0.13525700010359287
0.050389000214636326
0.09384600026533008
0.04162600031122565
0.018902000039815903
0.09628499997779727
0.024811000097543
0.007740999571979046
0.17497800011187792
0.1557499999180436
0.08781000040471554
0.15204099984839559
0.10228900006040931
0.03079500002786517
0.017609999980777502
0.0003209998831152916
0.03358300030231476
0.04781999997794628
0.23823999986052513
0.10009399987757206
0.09657000005245209
0.2088709999807179
0.3715329999104142
0.12999000027775764
0.06627999991178513
0.1961950003169477
0.3367349999025464
0.18973400024697185
0.1537299999035895
0.19408500008285046
0.16983199957758188
0.1418619998730719
0.1756270001642406
0.17001699982210994
0.10831700032576919
0.13166499976068735
0.020992000121623278
0.013925000093877316
0.03733200021088123
0.24770400021225214
0.2930930000729859
0.21774799982085824
0.08692799974232912
0.11424100026488304
0.09362700022757053
0.014560999814420938
0.08683199994266033
0.10479499958455563
0.07167400000616908
0.2622169996611774
0.2372499997727573
0.2771540000103414
0.1936729997396469
0.21480199974030256
0.039135999977588654
0.04636300029233098
0.0418699998408556
0.03297299984842539
0.09233600040897727
0.03447899967432022
0.012287999968975782
0.0005530002526938915
0.12416399968788028
0.010222000069916248
0.10639900015667081
0.04976299963891506
0.14774199994280934
0.053549000062048435
0.04024000000208616
0.0403049997985363
0.11997100012376904
0.09908600011840463
0.0046629998832941055
0.1265190001577139
0.11958600021898746
0.08673000009730458
0.1381010003387928
0.09697500010952353
0.19777300022542477
0.18029699986800551
0.18361299997195601
0.17364599974825978
0.23350899992510676
0.21798900002613664
0.2268759999424219
0.021366999950259924
0.028717000037431717
0.17552800010889769
0.2759349998086691
0.2406560000963509
0.2683330001309514
0.3919810000807047
0.32339400006458163
0.3688940000720322
0.44239100022241473
0.5377460001036525
0.44189400039613247
0.46900099981576204
0.47513499995693564
0.4652639999985695
0.39729699958115816
0.36373599991202354
0.4316759998910129
0.48595000011846423
0.6685750000178814
0.7338180001825094
0.659676999785006
0.5513769998215139
0.6117769996635616
0.6283289999701083
0.5834050001576543
0.622707000002265
0.6762149999849498
0.5318239997141063
0.6131980000063777
0.6876349998638034
0.7386590000241995
0.6295930002816021
0.6547570000402629
0.7840509996749461
0.722006999887526
0.8798410003073514
0.8110960000194609
0.7319720000959933
0.593682000413537
0.6719700000248849
0.5291160000488162
0.41795000014826655
0.4383990000933409
0.47828999999910593
0.5738169997930527
0.7754669999703765
0.7696039997972548
0.8415740001946688
0.662339000031352
0.9560430003330112
0.8914069999009371
0.7158510000444949
0.6460019997321069
0.6857110001146793
0.6272109998390079
0.6147180004045367
0.7238299995660782
0.670535999815911
0.5618139998987317
0.5999079998582602
0.5306879999116063
0.4631690001115203
0.4453599997796118
0.3959389999508858
0.2895269999280572
0.2828060002066195
0.2583550000563264
0.1554169999435544
0.10755100008100271
0.13693200005218387
0.21650499990209937
0.35459200013428926
0.32640699995681643
0.6912819999270141
0.6387220001779497
0.7090160003863275
0.6366300000809133
0.827959000132978
0.7893050001002848
0.8259819997474551
1.0213540000841022
0.8654400003142655
0.7210599998943508
0.7382709998637438
0.768093999940902
0.781054999679327
0.6360169998370111
0.7387529998086393
0.6258330000564456
0.6879350002855062
0.6004830002784729
0.6311949999071658
0.5740629998035729
0.5227819997817278
0.6706240000203252
0.6519039999693632
0.6400850000791252
0.47623899998143315
0.508570000063628
0.4896280001848936
0.455595999956131
0.47323800018057227
0.43296700017526746
0.6456490000709891
0.7675430001690984
0.909516999963671
0.7606580001302063
0.8755379999056458
1.0957399997860193
1.0319909998215735
1.0546260001137853
0.974932000041008
0.7926850002259016
0.7448370000347495
0.559744999743998
0.5925890002399683
0.5049360003322363
0.5053480002097785
0.5048739998601377
0.4369509997777641
0.4258020003326237
0.1695389999076724
0.24073900002986193
0.1932709999382496
0.006171999964863062
0.05725299986079335
0.04067600006237626
0.20299299992620945
0.1951919998973608
0.16638900013640523
0.27983799995854497
0.6436170004308224
0.6653390000574291
0.7523790001869202
0.7650659997016191
0.7423870000056922
0.5465520001016557
0.6440920000895858
0.6072370000183582
0.5294530000537634
0.3457169998437166
0.23624800005927682
0.09014800004661083
0.023106000386178493
0.025576999876648188
0.005111000034958124
0.2425490003079176
0.2583599998615682
0.2778699998743832
0.23572700005024672
0.2092450000345707
0.34643599996343255
0.2655059997923672
0.21880399994552135
0.18364399997517467
0.15715599991381168
0.12250899989157915
0.061646000016480684
0.07129400037229061
0.1110429996624589
0.033611999824643135
0.03380500013008714
0.11873099999502301
0.1926719998009503
0.32096399972215295
0.39599800016731024
0.31393499998375773
0.4356660000048578
0.39230599999427795
0.42631899984553456
0.4981760000810027
0.44118899991735816
0.48357099993154407
0.23046999983489513
0.19416100019589067
0.24574499996379018
0.34793899999931455
0.3754399996250868
0.22626399993896484
0.22406199993565679
0.20849299989640713
0.023476000409573317
0.09419599967077374
0.27163900015875697
0.27791699999943376
0.2121850000694394
0.15402700006961823
0.1285359999164939
0.2631739997304976
0.2685259999707341
0.2682270002551377
0.02494300017133355
0.008388999849557877
0.0271399999037385
0.2313600000925362
0.22253700019791722
0.24798300024122
0.09834099980071187
0.10784600023180246
0.08504299959167838
0.01167700020596385
0.039646000135689974
0.12181700021028519
0.2855940000154078
0.2942820000462234
0.2776109999977052
0.4163350001908839
0.3931610002182424
0.32055300008505583
0.33680900000035763
0.3050210000947118
0.29762900015339255
0.35156199987977743
0.40272200014442205
0.5167300002649426
0.6049170000478625
0.6330280001275241
0.41792199993506074
0.4282859996892512
0.36987899988889694
0.2064249999821186
0.2622119998559356
0.21322599984705448
0.21458100015297532
0.0783410002477467
0.039142999798059464
0.008646000176668167
0.040837999898940325
0.22683600010350347
0.2501829997636378
0.16219200007617474
0.1299180001951754
0.13597900001332164
0.07502099964767694
0.07636700011789799
0.013057000003755093
0.12521299999207258
0.21616100007668138
0.13866000017151237
0.12947100028395653
0.10433000000193715
0.02635100018233061
0.028365999925881624
0.2529050000011921
0.21438599983230233
0.42110500019043684
0.31317400000989437
0.3854299997910857
0.33267900021746755
0.22749699978157878
0.2653219997882843
0.10526299988850951
0.08017800003290176
0.12410400016233325
0.006674999836832285
0.01582000032067299
0.037263999693095684
0.059003999922424555
0.014644000213593245
0.16974600031971931
0.14308999991044402
0.1734809996560216
0.06257899990305305
0.04280100017786026
0.005956999957561493
0.04724500002339482
0.09371399972587824
0.053201000206172466
0.02118799975141883
0.07171999989077449
0.05727700004354119
0.07922000018879771
0.01789599983021617
0.012008000165224075
0.017035000026226044
0.19260399974882603
0.33014099998399615
0.39610400004312396
0.30435300013050437
0.4111449997872114
0.28376400005072355
0.7019700002856553
0.7727219997905195
0.8498499998822808
0.896552000194788
0.7118689999915659
0.6786349997855723
0.5457859998568892
0.5073520001024008
Total sum of second timestamps: 221.13226900529116
