0.041865999810397625
0.13354900013655424
0.024530000053346157
0.12190999975427985
0.15517000015825033
0.2106539998203516
0.2166019999422133
0.38539199996739626
0.2372269998304546
0.23089900007471442
0.24135500006377697
0.3758650003001094
0.40626899991184473
0.4016700000502169
0.41060699988156557
0.15234800009056926
0.12165300035849214
0.10453099990263581
0.3202610001899302
0.3865269999951124
0.4801320000551641
0.6028969995677471
0.5964939999394119
0.7782020000740886
0.8893300001509488
0.8908090000040829
0.9193199998699129
0.9372959998436272
0.7548650000244379
0.7547690002247691
0.997793999966234
1.1337709999643266
1.0046990001574159
1.0978669999167323
1.1504930001683533
1.0939560001716018
1.2545730001293123
1.3129710000939667
1.2021870003081858
1.2107319999486208
1.140720000024885
1.220437000039965
1.205519000068307
1.244779999833554
1.319819999858737
1.3578989999368787
1.2597690001130104
1.385245000012219
1.4775049998424947
1.6367219998501241
1.560926000121981
1.7166399997659028
1.6440019998699427
1.6778180003166199
1.6199270002543926
1.569999000057578
1.4628779999911785
1.4404469998553395
1.468035999685526
1.5980480001308024
1.5937879998236895
1.7038050000555813
1.874585000332445
1.5662440001033247
1.5084530003368855
1.4150319998152554
1.4093559999018908
1.4459470002911985
1.5636120000854135
1.6663379999808967
1.901221000123769
1.9562030001543462
1.9745839997194707
2.068366000428796
2.2204599999822676
2.2502310001291335
2.1772929998114705
2.1759009999223053
2.1337819998152554
2.2704959996044636
2.336335999891162
2.279670999851078
2.2942729997448623
1.3092189999297261
1.1299409996718168
0.6262920000590384
0.6696619996801019
0.6858879998326302
0.6522150002419949
0.7801339998841286
0.6436240002512932
0.6567629999481142
0.5933329998515546
0.6144240000285208
0.956137000117451
1.1009509996511042
1.1118689998984337
1.1118669998832047
1.325135000050068
1.3240459999069571
