0.041889000218361616
0.13359099999070168
0.01846899976953864
0.12196099990978837
0.06740600010380149
0.0827240003272891
0.060156000312417746
0.20673500001430511
0.1054100003093481
0.07794199977070093
0.023294999729841948
0.14274400006979704
0.04279300011694431
0.009730000048875809
0.020655000116676092
0.15238599991425872
0.029362999834120274
0.062036000192165375
0.30043300008401275
0.12306899996474385
0.12254100013524294
0.185204999987036
0.03633099980652332
0.2095920001156628
0.2486530002206564
0.18383899983018637
0.09080300014466047
0.035851999651640654
0.0018189996480941772
0.005553000140935183
0.2941009998321533
0.1805419996380806
0.0647669997997582
0.11911800038069487
0.09191299974918365
0.0034650000743567944
0.2239359999075532
0.10648899991065264
0.11191700026392937
0.0365209998562932
0.01525399973616004
0.1768479999154806
0.033498999662697315
0.1866349996998906
0.09679599991068244
0.07413200009614229
0.16316800005733967
0.21484300028532743
0.14062600024044514
0.20167300011962652
0.020384000148624182
0.21074400003999472
0.1775660002604127
0.06492500007152557
0.02762499963864684
0.030749000143259764
0.021490999963134527
0.027065000031143427
0.044987999834120274
0.19785499991849065
0.02322800038382411
0.11917999992147088
0.22790100006386638
0.04037299985066056
0.03846000041812658
0.02214900031685829
0.023460000287741423
0.10989199997857213
0.13155699986964464
0.11395899998024106
0.24994400003924966
0.233944000210613
0.20286400010809302
0.11896200012415648
0.28542800014838576
0.11889200005680323
0.012152999639511108
0.006857000291347504
0.01913100015372038
0.14280899986624718
0.11746100010350347
0.014425999950617552
0.019096999894827604
0.011232999619096518
0.004705000203102827
0.0063310000114142895
0.2137980000115931
0.2262010001577437
0.041518999729305506
0.14281800016760826
0.06711099995300174
0.05027499981224537
0.008899000007659197
0.11805499996989965
0.4048529998399317
0.21711499989032745
0.08266999991610646
0.11490199994295835
0.29511799989268184
0.148308000061661
0.11355399992316961
0.3426319998688996
0.05738099990412593
0.1477690003812313
0.006765999831259251
0.023899000138044357
0.02175800036638975
0.031877000350505114
0.0220620003528893
0.08367800014093518
0.09437699988484383
0.2965029999613762
0.06591500015929341
0.010098000057041645
0.07494500000029802
0.05009100027382374
0.15694699995219707
0.0004269997589290142
0.07616699999198318
0.022332999855279922
0.05510200001299381
0.03044900018721819
0.016937000211328268
0.0036329999566078186
0.09935900010168552
0.08472099993377924
0.01714499993249774
0.08234200021252036
0.03329499997198582
0.018982999958097935
0.09632400004193187
0.024921000003814697
0.007803000044077635
0.1750260000117123
0.008326999843120575
0.03753500012680888
0.07506699999794364
0.028522999957203865
0.028486999683082104
0.017671000212430954
0.00044800015166401863
0.03364000003784895
0.047919000033289194
0.209498000331223
0.10021799989044666
0.09660100005567074
0.12415199959650636
0.20678400015458465
0.019088999833911657
0.06630900036543608
0.19622599985450506
0.17273500002920628
0.07161199999973178
0.026796999853104353
0.0566300000064075
0.15763999987393618
0.02879100013524294
0.09617899963632226
0.012594999745488167
0.05664800014346838
0.10748300002887845
0.021040999796241522
0.010898000095039606
0.03738499991595745
0.22400799999013543
0.08122800011187792
0.14216599985957146
0.03412600001320243
0.08972000004723668
0.025098999962210655
0.006430000066757202
0.08694799989461899
0.028440000023692846
0.008107000030577183
0.22726400010287762
0.025831999722868204
0.11966399988159537
0.01438299985602498
0.08200499974191189
0.019561999943107367
0.04642700031399727
0.04192400025203824
0.033011999912559986
0.0849449997767806
0.034537999890744686
0.012318999972194433
0.0005970001220703125
0.12421000003814697
0.010298000182956457
0.10649800021201372
0.04981599980965257
0.10259199980646372
0.05365200014784932
0.008303000126034021
0.04036099975928664
0.08926199981942773
0.011904999613761902
0.004720000084489584
0.12663199985399842
0.0488299997523427
0.07435000035911798
0.06301799975335598
0.03756800014525652
0.18311299988999963
0.01561800017952919
0.06223900010809302
0.07565299980342388
0.14770699990913272
0.00879599992185831
0.015604000072926283
0.021424999926239252
0.02877799980342388
0.17564500030130148
0.14067699993029237
0.003208999987691641
0.12566599994897842
0.1508319997228682
0.020930999889969826
0.07909200014546514
0.09367799991741776
0.10602799989283085
0.042861999943852425
0.04755400028079748
0.04073300026357174
0.014121999964118004
0.001372000202536583
0.040256000123918056
0.11155099980533123
0.08753599971532822
0.21015900000929832
0.13842599978670478
0.031278999987989664
0.000628999900072813
0.15490600001066923
0.0858860001899302
0.04278700007125735
0.10587300034239888
0.09449700033292174
0.0029290001839399338
0.09659700002521276
0.11133800027891994
0.07003000006079674
0.0006149997934699059
0.025295000057667494
0.16253400035202503
0.0349310003221035
0.17612600000575185
0.031411000061780214
0.017291000112891197
0.05846699979156256
0.09391399985179305
0.01778799993917346
0.10216900007799268
0.06617600005120039
0.2247440000064671
0.21776499971747398
0.22590100020170212
0.06716099986806512
0.13410399993881583
0.07533199992030859
0.44682000018656254
0.03282100008800626
0.07425499986857176
0.11875399993732572
0.1321019995957613
0.07739599980413914
0.015339999925345182
0.1670579998753965
0.09105300018563867
0.07902800012379885
0.08656799979507923
0.013499999884516
0.0029239999130368233
0.06097600003704429
0.06043100031092763
0.056204000022262335
0.004255000036209822
0.040597999934107065
0.05027100024744868
0.04454500041902065
0.04363400023430586
0.10549699980765581
0.22758900001645088
0.049457000102847815
0.44444700004532933
0.0065460000187158585
0.07591299992054701
0.020792999770492315
0.21433999994769692
0.051927000284194946
0.15856199990957975
0.24797000037506223
0.1215349999256432
0.06426300015300512
0.05423100013285875
0.052426999900490046
0.28511399962008
0.05116999987512827
0.12131999991834164
0.024952000007033348
0.2760200002230704
0.043049999978393316
0.06749000027775764
0.01776299998164177
0.037323999684304
0.20704799983650446
0.0778609998524189
0.00979899987578392
0.018623000010848045
0.0749790002591908
0.07572200009599328
0.06868800008669496
0.031177999917417765
0.03524699993431568
0.2305680001154542
0.34419000009074807
0.2257329998537898
0.04964199988171458
0.1322719999589026
0.2811280000023544
0.029022999573498964
0.03810600005090237
0.11488100001588464
0.026695999782532454
0.011024999897927046
0.0814640000462532
0.21548500005155802
0.02778800018131733
0.01901600044220686
0.016272000037133694
0.021637999918311834
0.0012770001776516438
0.01080199982970953
0.08726199995726347
0.00899200001731515
0.006238999776542187
0.057301000226289034
0.02904499974101782
0.20304499985650182
0.017690000124275684
0.04723999975249171
0.1285729999653995
0.5167729998938739
0.1379080000333488
0.19193399976938963
0.0331729999743402
0.08677899977192283
0.004428999964147806
0.1356520000845194
0.09559899987652898
0.03140600025653839
0.02960499981418252
0.01761800004169345
0.004728999920189381
0.014399999752640724
0.012331000063568354
0.0051310001872479916
0.24260100023820996
0.21626200014725327
0.183358000125736
0.015527000185102224
0.05403100000694394
0.21717699989676476
0.07288199989125133
0.02139500016346574
0.08378500025719404
0.0015130001120269299
0.035666999872773886
0.06175599992275238
0.030687999911606312
0.08647299977019429
0.026242000050842762
0.03386100009083748
0.11878599971532822
0.0960220000706613
0.15549400029703975
0.21570400008931756
0.09201399981975555
0.15710700023919344
0.02479999978095293
0.060320999938994646
0.07887900015339255
0.14365699980407953
0.1113510001450777
0.03732300037518144
0.0021600001491606236
0.055794999934732914
0.15337600000202656
0.059124999679625034
0.0069149998016655445
0.055213999934494495
0.00380200007930398
0.02353100012987852
0.07885299995541573
0.27169799990952015
0.1893770000897348
0.11811499996110797
0.000709999818354845
0.11125099984928966
0.21332800015807152
0.12924599973484874
0.03678600024431944
0.02293400000780821
0.008448999840766191
0.027172999922186136
0.23140399996191263
0.04956600023433566
0.15565400011837482
0.09839800000190735
0.04762500012293458
0.03274100041016936
0.011743000242859125
0.03968899976462126
0.08998800022527575
0.1772789997048676
0.07544999988749623
0.062843999825418
0.23917899979278445
0.010967999696731567
0.06042400002479553
0.0412070001475513
0.014660000335425138
0.04752099979668856
0.08756400039419532
0.13376699993386865
0.12637299997732043
0.1346200001426041
0.1683569997549057
0.004145000129938126
0.01637400034815073
0.00981099996715784
0.07569999992847443
0.10056099994108081
0.04362200014293194
0.0719590000808239
0.021025000140070915
0.03919499972835183
0.00863299984484911
0.04095300007611513
0.22687699971720576
0.14851099997758865
0.08416799968108535
0.08179600024595857
0.07219000020995736
0.002607999835163355
0.07642699964344501
0.013073000125586987
0.12526199966669083
0.11087299976497889
0.09170000022277236
0.00940199987962842
0.009126999881118536
0.026399000082165003
0.028423000127077103
0.24491199990734458
0.059043999761343
0.22965400014072657
0.02918800013139844
0.08629699982702732
0.022228999994695187
0.08284699963405728
0.13984399987384677
0.0025400002487003803
0.08024200005456805
0.1242220001295209
0.006785999983549118
0.01593999983742833
0.037306999787688255
0.03978899959474802
0.008989000227302313
0.16978400014340878
0.009310000110417604
0.11555999983102083
0.03822400001809001
0.026625999715179205
0.006004000082612038
0.04729299992322922
0.09374500019475818
0.05329499999061227
0.02131999982520938
0.07176600024104118
0.011334999930113554
0.05463299993425608
0.01795199979096651
0.012085000053048134
0.0170800001360476
0.19265099987387657
0.32762799970805645
0.0970449997112155
0.003942000214010477
0.12445900030434132
0.16473199985921383
0.4739540000446141
0.3335429998114705
0.14708600006997585
0.10382799990475178
0.018050999846309423
0.014151000417768955
0.032746000215411186
0.06348600005730987
Total sum of second timestamps: 43.47402199963108
