0.041895000264048576
0.13359700003638864
0.018470999784767628
0.12195299984887242
0.06739400001242757
0.08271799981594086
0.060138000175356865
0.20671800011768937
0.10539699997752905
0.0779389999806881
0.02475699968636036
0.15242299996316433
0.12131900014355779
0.04570899996906519
0.02061299979686737
0.15237300004810095
0.02936400007456541
0.06203400017693639
0.3004250000230968
0.12308100005611777
0.12255199998617172
0.1852259999141097
0.03633000003173947
0.20958400005474687
0.2486439999192953
0.2199780000373721
0.09081399999558926
0.03586099995300174
0.0018190001137554646
0.005571000277996063
0.29410900035873055
0.31664100009948015
0.06479099998250604
0.11913200002163649
0.09192600008100271
0.003462000284343958
0.22395099978893995
0.10647699981927872
0.11193599971011281
0.03653299994766712
0.015205000061541796
0.17679700022563338
0.03352800011634827
0.18666599970310926
0.1533630001358688
0.0741389999166131
0.1631780001334846
0.21482299966737628
0.1406230004504323
0.20168800000101328
0.020376999862492085
0.2107530003413558
0.1775500001385808
0.1447919998317957
0.027600000146776438
0.030728000216186047
0.021499999798834324
0.027054999954998493
0.04500700021162629
0.19787300005555153
0.11616600025445223
0.18082100013270974
0.2279110001400113
0.04040199983865023
0.038446000311523676
0.02214300027117133
0.02346300007775426
0.10988700017333031
0.15865800017490983
0.20551999984309077
0.3657089998014271
0.3884219997562468
0.38431299990043044
0.3973370003513992
0.28542499989271164
0.11896200012415648
0.01219499995931983
0.006912000011652708
0.01921200007200241
0.14285300020128489
0.11752399988472462
0.014431999996304512
0.01913799997419119
0.011320000048726797
0.0047160000540316105
0.006401999853551388
0.21386500028893352
0.22836100030690432
0.041531000286340714
0.14287299988791347
0.06712999986484647
0.05032500019297004
0.008867000229656696
0.11811800021678209
0.40489699970930815
0.3985349996946752
0.08270699996501207
0.11490699974820018
0.3131570001132786
0.14829700021073222
0.11355099966749549
0.34263599989935756
0.05743599962443113
0.14779700012877584
0.06491599977016449
0.02382199978455901
0.02181199984624982
0.03184800036251545
0.02204400021582842
0.08364899968728423
0.1328799999319017
0.30270300013944507
0.06593700032681227
0.010127000045031309
0.07493999972939491
0.05005900003015995
0.1569480001926422
0.00037899985909461975
0.07616099994629622
0.022307999897748232
0.055106999818235636
0.03043000027537346
0.016899000387638807
0.003599999938160181
0.09934499999508262
0.08470600005239248
0.017130999825894833
0.08232800010591745
0.03328099986538291
0.018943999893963337
0.09632300026714802
0.024910000152885914
0.0077629997394979
0.17501799995079637
0.032325999811291695
0.03753100009635091
0.0750410002656281
0.028530000243335962
0.02848000032827258
0.01765599986538291
0.00038299988955259323
0.03368599992245436
0.047912999987602234
0.20948199974372983
0.10021599987521768
0.09660599986091256
0.15608099987730384
0.20680900011211634
0.019083000253885984
0.06631899997591972
0.19622200028970838
0.19243800034746528
0.07167900027707219
0.026787000242620707
0.05662000039592385
0.15763700008392334
0.02877299999818206
0.09616700001060963
0.012558000162243843
0.056632999796420336
0.10748799983412027
0.021013000048696995
0.010886999778449535
0.03738600015640259
0.2239959998987615
0.10871400032192469
0.1421689996495843
0.034121000207960606
0.08973199967294931
0.025078000035136938
0.006411000154912472
0.08695399994030595
0.05823999969288707
0.008072999771684408
0.2272520000115037
0.025818000081926584
0.11966900015249848
0.014378999825567007
0.08200399996712804
0.019539000000804663
0.04641499975696206
0.041915000416338444
0.03299599979072809
0.08494299976155162
0.03451699996367097
0.012275000102818012
0.0005979998968541622
0.12420300021767616
0.010292000137269497
0.10650599980726838
0.049811000004410744
0.12716299993917346
0.05364699987694621
0.008329000324010849
0.040357000194489956
0.08927699970081449
0.011892999988049269
0.0047079999931156635
0.1266129999421537
0.048802999779582024
0.07434399984776974
0.07383300038054585
0.037563000340014696
0.1831029998138547
0.01720199966803193
0.06227299990132451
0.07569700013846159
0.14768699975684285
0.02329000039026141
0.01558700017631054
0.021416000090539455
0.028741999994963408
0.1756180003285408
0.1406920002773404
0.003192999865859747
0.12563899997621775
0.15080099971964955
0.020918999798595905
0.07910400023683906
0.09367100009694695
0.14147099992260337
0.04285199986770749
0.047547999769449234
0.04072000039741397
0.014119000174105167
0.0013449997641146183
0.040256000123918056
0.11153099965304136
0.08750899974256754
0.21015900000929832
0.13839999958872795
0.03126199962571263
0.0005959998816251755
0.15490500023588538
0.08589300001040101
0.042779000010341406
0.10587200010195374
0.09449699986726046
0.0029139998368918896
0.09658200014382601
0.14415299985557795
0.11018800036981702
0.0005939998663961887
0.02530399989336729
0.16252100002020597
0.03492499981075525
0.1761179999448359
0.03141999989748001
0.017310000024735928
0.05847800010815263
0.0939360000193119
0.01779900025576353
0.10216100001707673
0.06617699982598424
0.22476200014352798
0.21775100007653236
0.3108219997957349
0.06714599998667836
0.13410899974405766
0.07534100022166967
0.4468009998090565
0.032811000011861324
0.07423399994149804
0.1188160004094243
0.13214900018647313
0.07734199985861778
0.01534199994057417
0.1670490000396967
0.09111300017684698
0.07901800004765391
0.0865650000050664
0.013497000094503164
0.0029460000805556774
0.06097300024703145
0.0604369998909533
0.056221000384539366
0.004237999673932791
0.040603999979794025
0.05020599998533726
0.04454099992290139
0.04363299999386072
0.10548500018194318
0.2363849999383092
0.04944600025191903
0.44446299970149994
0.12645599991083145
0.1719849999062717
0.02081400016322732
0.21434099972248077
0.051915999967604876
0.15857300022616982
0.24797200039029121
0.12154099997133017
0.06418999982997775
0.054236999712884426
0.05243400018662214
0.2851140000857413
0.05119299981743097
0.12131999991834164
0.024947999976575375
0.27602099999785423
0.0430290000513196
0.0674910000525415
0.017791000194847584
0.03727799979969859
0.20705500012263656
0.07785000000149012
0.009802000131458044
0.018622000236064196
0.07498499983921647
0.07572099985554814
0.06870000017806888
0.061526000034064054
0.03522800002247095
0.24009300023317337
0.35827500000596046
0.22572700027376413
0.049645000137388706
0.13226399989798665
0.2811239999718964
0.02899999963119626
0.03809700021520257
0.1148640001192689
0.026686000172048807
0.011006000451743603
0.08146899985149503
0.21547199971973896
0.02775599993765354
0.019015000201761723
0.016265999991446733
0.02163300011307001
0.0012849997729063034
0.010803000070154667
0.08727299980819225
0.008971000090241432
0.006249000318348408
0.057288999669253826
0.029027000069618225
0.20301999989897013
0.08074600016698241
0.047224999871104956
0.14622099976986647
0.516756999772042
0.3582229996100068
0.43041299981996417
0.3513270001858473
0.08682300010696054
0.00442600017413497
0.1356500000692904
0.09558299975469708
0.031405999790877104
0.029564999975264072
0.017589000053703785
0.004658000078052282
0.014307000208646059
0.01230200007557869
0.005130999721586704
0.24259900022298098
0.21622900012880564
0.21215299982577562
0.015521999914199114
0.054022999946027994
0.2171760001219809
0.07289199996739626
0.021397000178694725
0.08379899989813566
0.0014829998835921288
0.03570300014689565
0.06174599984660745
0.0306899999268353
0.08645200030878186
0.026228999719023705
0.033826000057160854
0.11870800005272031
0.09597699996083975
0.1555180000141263
0.2238880000077188
0.09201800031587481
0.15710100019350648
0.02478000009432435
0.06030600005760789
0.10105800023302436
0.1436629998497665
0.11132499994710088
0.037318000104278326
0.0021449998021125793
0.05576999997720122
0.1558900000527501
0.059092999901622534
0.006940999999642372
0.05520300008356571
0.003806999884545803
0.023533999919891357
0.0788250002078712
0.2716950001195073
0.2380790002644062
0.11810899991542101
0.0006989999674260616
0.1112750000320375
0.21332600014284253
0.12924000015482306
0.08746499987319112
0.02291300008073449
0.008431999944150448
0.02715199999511242
0.23145700013265014
0.14476499985903502
0.15563199995085597
0.09839199995622039
0.047627999912947416
0.03272000001743436
0.011746999807655811
0.03969200002029538
0.08995799999684095
0.19349100021645427
0.1524430001154542
0.0628490000963211
0.2391780000180006
0.0628189998678863
0.060410999692976475
0.06070399982854724
0.014647000003606081
0.04748600022867322
0.0875379997305572
0.136461999733001
0.19527800008654594
0.24748799996450543
0.168355000205338
0.004143999889492989
0.016348999924957752
0.009817000012844801
0.07570700021460652
0.10052599990740418
0.04361499985679984
0.07195700006559491
0.021004000212997198
0.03919500019401312
0.008673999924212694
0.040945000015199184
0.22685399977490306
0.14850200014188886
0.08418799983337522
0.08177499985322356
0.07218099990859628
0.002615999896079302
0.0764359999448061
0.013007000088691711
0.1253010001964867
0.1270649996586144
0.09169699996709824
0.009378999937325716
0.009116999804973602
0.026392999570816755
0.028397999703884125
0.24489299999549985
0.059066000394523144
0.22958899987861514
0.029203000012785196
0.08629800006747246
0.022193999961018562
0.08283500000834465
0.1398399998433888
0.002552999649196863
0.08023299975320697
0.12421800009906292
0.006767999846488237
0.015899999998509884
0.03729100013151765
0.039771000389009714
0.008971000090241432
0.16979900002479553
0.009271999821066856
0.11553099984303117
0.03820500010624528
0.0266010002233088
0.006027999799698591
0.04730500001460314
0.09375
0.05323900002986193
0.02128899982199073
0.0717109995894134
0.011340999975800514
0.05463500041514635
0.017953000031411648
0.01206100033596158
0.017125999554991722
0.1926400000229478
0.32902999967336655
0.25561000034213066
0.003931999672204256
0.12442900007590652
0.1647379999049008
0.5338920000940561
0.5096330000087619
0.2725189998745918
0.10381399979814887
0.018037999980151653
0.014119999948889017
0.032739000394940376
0.06346699967980385
Total sum of second timestamps: 47.87126900162548
