0.04185099992901087
0.13355799997225404
0.01843099994584918
0.12192000029608607
0.06735399970784783
0.08269000006839633
0.06009999988600612
0.2066839998587966
0.10536899976432323
0.07790300017222762
0.0501929996535182
0.18059199955314398
0.17409100010991096
0.12688800040632486
0.10106700006872416
0.15234099980443716
0.029329000040888786
0.061999000143259764
0.30038499971851707
0.19655400002375245
0.20365100027993321
0.1851780000142753
0.05101000005379319
0.20954399975016713
0.24861000012606382
0.2320089996792376
0.09077199967578053
0.05537900002673268
0.0017679999582469463
0.005513000302016735
0.29407599987462163
0.3619640003889799
0.06474799988791347
0.11908600013703108
0.09188999980688095
0.00342399999499321
0.22390700038522482
0.13840699987486005
0.1118740001693368
0.036801999900490046
0.015210000332444906
0.1768269999884069
0.03348600026220083
0.18661500001326203
0.19665500009432435
0.12690200004726648
0.16314399987459183
0.21480399975553155
0.1623080000281334
0.2016520001925528
0.0203359997831285
0.21069700038060546
0.17751199984923005
0.17138900002464652
0.027569000143557787
0.030693999957293272
0.021443000063300133
0.027015000116080046
0.04496499989181757
0.19783899979665875
0.14712100010365248
0.22991700004786253
0.22967700008302927
0.04034900013357401
0.03840899979695678
0.022109999787062407
0.02344400016590953
0.10986800026148558
0.1862040003761649
0.25540999975055456
0.44547999976202846
0.4810979999601841
0.48599000042304397
0.5313130002468824
0.28537199972197413
0.11890999972820282
0.012154000345617533
0.00687399972230196
0.019164999946951866
0.142837000079453
0.11748800007626414
0.014388000126928091
0.01911799982190132
0.01126700034365058
0.004727000370621681
0.00635599996894598
0.21382000017911196
0.2290099998936057
0.041492999996989965
0.14283100003376603
0.06709699984639883
0.05028600012883544
0.008845000062137842
0.11807299964129925
0.40485800011083484
0.4589649997651577
0.25480400025844574
0.11486800014972687
0.3191269999369979
0.14825600013136864
0.11357300030067563
0.34259899985045195
0.057392000220716
0.14774599997326732
0.09472900023683906
0.02384199993684888
0.021782000083476305
0.03182800021022558
0.022021000273525715
0.08362600021064281
0.14570200024172664
0.3577069998718798
0.1852810001000762
0.08577900007367134
0.0749010001309216
0.05004400014877319
0.15690199984237552
0.020507000386714935
0.07612900016829371
0.02227600011974573
0.055051999632269144
0.03039800003170967
0.016890000086277723
0.003558000084012747
0.09930499969050288
0.08461300004273653
0.017093000002205372
0.08230300014838576
0.03324799984693527
0.01891000010073185
0.09628199972212315
0.024872999638319016
0.007726999931037426
0.17497900035232306
0.08259400026872754
0.03747899970039725
0.07503299973905087
0.028477000072598457
0.02843100018799305
0.01762300031259656
0.000375999603420496
0.03364500030875206
0.04788300022482872
0.20944200037047267
0.10015799989923835
0.09655099967494607
0.17754700034856796
0.22281799977645278
0.019038000144064426
0.06626399978995323
0.19617300014942884
0.25118299992755055
0.0716150002554059
0.02676799986511469
0.05657800007611513
0.1575879999436438
0.028735999949276447
0.09612399991601706
0.042286999989300966
0.05658400012180209
0.10744199994951487
0.02099000010639429
0.010849999729543924
0.03733200021088123
0.22396199963986874
0.17414100002497435
0.1421170001849532
0.034084999933838844
0.08969000028446317
0.025042000226676464
0.006378000136464834
0.08690800005570054
0.0772120002657175
0.008045000024139881
0.22721799975261092
0.06711799977347255
0.11963400011882186
0.01434500003233552
0.08196499990299344
0.019504999741911888
0.04637099988758564
0.04187500011175871
0.03298400016501546
0.08490200014784932
0.03448699973523617
0.012283999938517809
0.0005540000274777412
0.12416399968788028
0.010234000161290169
0.1064630001783371
0.04976900015026331
0.13552500028163195
0.05360700003802776
0.008293999824672937
0.040308000054210424
0.09455699985846877
0.011843999847769737
0.00467800023034215
0.12658900022506714
0.04879399994388223
0.07431399961933494
0.09494300000369549
0.037515999749302864
0.18305399967357516
0.07763099996373057
0.06224599992856383
0.07565299980342388
0.1476469999179244
0.06761599984019995
0.05888699973002076
0.02138100005686283
0.028713999781757593
0.17557699978351593
0.16885600006207824
0.03128100000321865
0.12559799989685416
0.1770839998498559
0.020888000261038542
0.07906999997794628
0.09907800005748868
0.1662549995817244
0.04282600013539195
0.04750300012528896
0.04069000016897917
0.014084999915212393
0.0013060001656413078
0.040213999804109335
0.11150499992072582
0.08747499994933605
0.21012499975040555
0.1383739998564124
0.03125200001522899
0.000602000392973423
0.1548659997060895
0.08583700004965067
0.04274599999189377
0.10581999970600009
0.09446100005879998
0.002870000433176756
0.09654299961403012
0.15506199980154634
0.15571600012481213
0.0005620000883936882
0.02546899998560548
0.16248099971562624
0.03487600013613701
0.17607600009068847
0.03140300000086427
0.017256999853998423
0.058429000433534384
0.09527899976819754
0.017753000371158123
0.10211500013247132
0.06614700006321073
0.22470100037753582
0.21770399995148182
0.35501400008797646
0.15479400008916855
0.1340459999628365
0.07530200015753508
0.4467600001953542
0.12259100005030632
0.07420799974352121
0.11877499986439943
0.13210499985143542
0.07735100015997887
0.015292999800294638
0.16700599994510412
0.09106800006702542
0.07897100038826466
0.08652100013568997
0.01345699978992343
0.0028780000284314156
0.06093000015243888
0.06038699997588992
0.0561620001681149
0.020469000097364187
0.040541999973356724
0.05024000024423003
0.04448699997738004
0.043587000109255314
0.10544699989259243
0.23927899962291121
0.049399000126868486
0.4444229998625815
0.23456799983978271
0.29019099986180663
0.02075699996203184
0.21429400006309152
0.05186800006777048
0.15850300015881658
0.24792200000956655
0.1214979998767376
0.0642069997265935
0.054192000068724155
0.052376000210642815
0.2850569998845458
0.05112399999052286
0.12126799998804927
0.024907000362873077
0.27596400026232004
0.04297600034624338
0.06744500016793609
0.017742000054568052
0.03728400031104684
0.20702200010418892
0.07780500035732985
0.009699999820441008
0.018583000171929598
0.07494700001552701
0.07567699998617172
0.06865900009870529
0.07159900013357401
0.03518899995833635
0.24324600026011467
0.3629300002939999
0.28190300008282065
0.04959399998188019
0.13224499998614192
0.281082000117749
0.02895499998703599
0.03805200010538101
0.1148250000551343
0.026655999943614006
0.010949000250548124
0.08141600014641881
0.2154270000755787
0.027661999687552452
0.018995000049471855
0.01623000018298626
0.021594000048935413
0.0012529999949038029
0.010738000273704529
0.08721699984744191
0.008932999800890684
0.006194999907165766
0.057237999979406595
0.028990000020712614
0.20297899981960654
0.12734699994325638
0.047187999822199345
0.15207300009205937
0.5167160001583397
0.43161999993026257
0.5098569998517632
0.46815899992361665
0.15377900004386902
0.004387000110000372
0.1356160002760589
0.09553899988532066
0.03136100014671683
0.029562000185251236
0.017564000096172094
0.0046709999442100525
0.014356999658048153
0.012271999847143888
0.0050650001503527164
0.2425509998574853
0.21618600003421307
0.22172300005331635
0.02610399993136525
0.05398700013756752
0.2171280002221465
0.072823999915272
0.021339000202715397
0.08374099992215633
0.0014710002578794956
0.03567099990323186
0.061708000022917986
0.030651000328361988
0.08642099983990192
0.026203999761492014
0.03380199987441301
0.11873599980026484
0.13414300000295043
0.190051999874413
0.26113299978896976
0.09195899963378906
0.15706200012937188
0.02474499959498644
0.060265999753028154
0.11369000002741814
0.1435990002937615
0.11129100015386939
0.03727900004014373
0.002091000322252512
0.05573899997398257
0.15670599974691868
0.10019399970769882
0.006874999962747097
0.05515999998897314
0.003771000076085329
0.023491000290960073
0.0788020002655685
0.27165200002491474
0.2543030004017055
0.11806399980559945
0.0006679999642074108
0.1112130000256002
0.21328799985349178
0.12920000031590462
0.10432899976149201
0.02287500025704503
0.008401000406593084
0.027153000235557556
0.2314150002785027
0.1764580002054572
0.15559899993240833
0.09834699984639883
0.04756100010126829
0.03269999986514449
0.011698999907821417
0.03965499997138977
0.10127499978989363
0.2293449998833239
0.20856399973854423
0.0627959999255836
0.23913499992340803
0.1251880000345409
0.06037600012496114
0.06718199979513884
0.01462200004607439
0.04747899994254112
0.08750799996778369
0.1373459999449551
0.21864500036463141
0.28551300009712577
0.1683249999769032
0.004124999977648258
0.016333000268787146
0.00976600032299757
0.07565200002864003
0.10049700038507581
0.04357199976220727
0.07190300012007356
0.020976999774575233
0.03915899991989136
0.008646000176668167
0.04091199999675155
0.2268210002221167
0.14845900004729629
0.08411799976602197
0.08173599978908896
0.07213000021874905
0.0025909999385476112
0.07638199999928474
0.013034000061452389
0.12527400022372603
0.16337000019848347
0.09165399987250566
0.03316600015386939
0.009060000069439411
0.026373000349849463
0.028358000330626965
0.2448619999922812
0.05899500008672476
0.22959999972954392
0.029161000158637762
0.0862619997933507
0.02217000024393201
0.08278700010851026
0.13980400003492832
0.0025030001997947693
0.08018899988383055
0.12418799987062812
0.006742000114172697
0.015903000254184008
0.03724699979647994
0.039733999874442816
0.00892299972474575
0.1697269999422133
0.047534000128507614
0.11550600035116076
0.038175000343471766
0.026547000277787447
0.005967000033706427
0.04726600041612983
0.09370899992063642
0.053241000045090914
0.02125400025397539
0.07171500008553267
0.01130699971690774
0.0545970001257956
0.017911999952048063
0.012018000241369009
0.017090999986976385
0.1926009999588132
0.32945000007748604
0.3128140000626445
0.0038880002684891224
0.12442500004544854
0.16468300018459558
0.5538300001062453
0.5682769999839365
0.4591930001042783
0.3538840003311634
0.018004999961704016
0.014044000301510096
0.032691999804228544
0.06346500013023615
Total sum of second timestamps: 52.407007011119276
