0.04185099992901087
0.1335499999113381
0.018416999839246273
0.12192100007086992
0.08712900010868907
0.08837700029835105
0.06010200036689639
0.20668599987402558
0.10536500019952655
0.07789799990132451
0.06291199987754226
0.19468099996447563
0.20048000011593103
0.16747700003907084
0.1532420003786683
0.15234100027009845
0.029325000010430813
0.06198900006711483
0.3003810001537204
0.25325299985706806
0.28918399987742305
0.28726099990308285
0.19568899972364306
0.32188200019299984
0.248605000320822
0.23803099989891052
0.14209199976176023
0.12448199978098273
0.0017980001866817474
0.005528999958187342
0.29407900013029575
0.38464599987491965
0.06474300008267164
0.11908400012180209
0.093321000225842
0.003415999934077263
0.22391400020569563
0.18638000031933188
0.11186200007796288
0.06466300040483475
0.015200000256299973
0.1768200001679361
0.06523799989372492
0.18661500001326203
0.218321000225842
0.18451299984008074
0.16314700013026595
0.21479299990460277
0.21055099973455071
0.2850619996897876
0.02033500000834465
0.2106929998844862
0.1775160003453493
0.18470599967986345
0.027569999918341637
0.0306899999268353
0.021437999792397022
0.02701499965041876
0.04496400011703372
0.19784999964758754
0.16261900030076504
0.2544889999553561
0.31125700008124113
0.040351000148802996
0.03842000011354685
0.022105999756604433
0.02343099983409047
0.10985099989920855
0.1999649996869266
0.2803440000861883
0.4853510004468262
0.5274259997531772
0.5368150002323091
0.5982909998856485
0.4839690001681447
0.33561599999666214
0.09265200002118945
0.0749010001309216
0.019158000126481056
0.14379499992355704
0.11750900000333786
0.014396999962627888
0.020116999745368958
0.011270999908447266
0.004732999950647354
0.006363000255078077
0.21382200019434094
0.22935800021514297
0.04550100024789572
0.1437389999628067
0.06708299973979592
0.0502849998883903
0.008822000119835138
0.11806799983605742
0.40484500024467707
0.4891919996589422
0.3567239996045828
0.12712800037115812
0.3343870001845062
0.14824900031089783
0.11356500023975968
0.34259700030088425
0.0573849999345839
0.14776300033554435
0.10967200016602874
0.02383500011637807
0.021763999946415424
0.03184799989685416
0.022013999987393618
0.08362499997019768
0.15211999975144863
0.38522200006991625
0.27235900005325675
0.20023899991065264
0.07489300007000566
0.05003400007262826
0.15689099999144673
0.054666999727487564
0.07613199995830655
0.022292000241577625
0.05504899984225631
0.03039199998602271
0.016871999949216843
0.003577999770641327
0.09930500015616417
0.08468199986964464
0.017097000032663345
0.08224199991673231
0.03325999993830919
0.018912999890744686
0.09629600029438734
0.024865000043064356
0.00774200027808547
0.17498099990189075
0.10774299968034029
0.03747499966993928
0.08293900033459067
0.028473000042140484
0.0284319999627769
0.017614000011235476
0.0003909999504685402
0.03364400006830692
0.04787900019437075
0.20944199990481138
0.10017400002107024
0.0965519999153912
0.1883080000989139
0.273932000156492
0.019052000250667334
0.0662679998204112
0.1961880000308156
0.2806080002337694
0.07162800012156367
0.02674799971282482
0.05659299995750189
0.1575420000590384
0.030460000038146973
0.09613800002261996
0.05888000037521124
0.056601000018417835
0.1074290000833571
0.020992000121623278
0.010846000164747238
0.037325999699532986
0.224029999691993
0.20693699968978763
0.1421139999292791
0.034072999842464924
0.08968999981880188
0.025040999986231327
0.0063599999994039536
0.08689700020477176
0.08670999994501472
0.008036000188440084
0.2272109999321401
0.11356600001454353
0.11962000001221895
0.014335999730974436
0.08196100033819675
0.019498000387102365
0.04636000003665686
0.04186799982562661
0.032955000177025795
0.0848829997703433
0.034481000155210495
0.012279000133275986
0.000556000042706728
0.12416300037875772
0.010237999726086855
0.10646500019356608
0.04975100001320243
0.13970900001004338
0.053598999977111816
0.008289999794214964
0.040308000054210424
0.1032940000295639
0.02526600006967783
0.004660000093281269
0.12658599996939301
0.04877300001680851
0.07430400000885129
0.10550299985334277
0.03751600021496415
0.1830529998987913
0.10786399990320206
0.06224100012332201
0.07564200041815639
0.14764400012791157
0.08979000011458993
0.0871160002425313
0.021371999755501747
0.028716000262647867
0.1755810002796352
0.20568100037053227
0.10327199986204505
0.12559799989685416
0.2018880001269281
0.020887000020593405
0.07906499970704317
0.11745999986305833
0.19432500004768372
0.04280799999833107
0.04750300012528896
0.04070200026035309
0.014081999659538269
0.0013100001960992813
0.040213999804109335
0.1115159997716546
0.10781900025904179
0.24244400020688772
0.17982799978926778
0.031233000103384256
0.000583999790251255
0.1548620001412928
0.08583599980920553
0.04274200042709708
0.10581999970600009
0.09445799980312586
0.0028849998489022255
0.0965590002015233
0.16055200016126037
0.1785229998640716
0.0005540000274777412
0.025547000113874674
0.1624779999256134
0.034872999880462885
0.17609099997207522
0.03138899989426136
0.017254000063985586
0.05841999966651201
0.10951499966904521
0.017759999725967646
0.10211599990725517
0.06613299995660782
0.22470400016754866
0.21769999992102385
0.377129000145942
0.2437189999036491
0.20718500018119812
0.07530199969187379
0.44675800018012524
0.21180499996989965
0.0742080002091825
0.11878999974578619
0.1321000000461936
0.07735300017520785
0.016361000016331673
0.1670010001398623
0.0910860002040863
0.07897499995306134
0.08652000036090612
0.013470999896526337
0.002864999696612358
0.060926000121980906
0.060384000185877085
0.05617600027471781
0.030445000156760216
0.04053900018334389
0.050220000091940165
0.04447900038212538
0.04913099994882941
0.1054420000873506
0.2407430000603199
0.07690799981355667
0.4443939998745918
0.2886140001937747
0.3492800001986325
0.11401600018143654
0.2652859999798238
0.06834100000560284
0.15850300015881658
0.26204199995845556
0.12147699994966388
0.06419999990612268
0.0541770001873374
0.05237900000065565
0.2850570003502071
0.05113000003620982
0.1215669997036457
0.024904999881982803
0.27596400026232004
0.04297399986535311
0.06746400007978082
0.01773800002411008
0.03728200029581785
0.20700599998235703
0.07780499989166856
0.028350000269711018
0.018577000126242638
0.0749240000732243
0.07567900000140071
0.0686039999127388
0.07659999979659915
0.03519200021401048
0.24483699956908822
0.3652800000272691
0.36091100005432963
0.04959300020709634
0.13424799963831902
0.28109299996867776
0.05525299999862909
0.051026999950408936
0.11481599975377321
0.026645999867469072
0.010955000296235085
0.08142199972644448
0.21542900009080768
0.027720000129193068
0.01897899992763996
0.016247000079602003
0.021600000094622374
0.001238000113517046
0.010754000395536423
0.08722399966791272
0.008940999861806631
0.006198999937623739
0.057250999845564365
0.028990000020712614
0.20298200007528067
0.1506690001115203
0.047193000093102455
0.15502399997785687
0.5167169999331236
0.4683409999124706
0.5496020000427961
0.5265979999676347
0.31248999992385507
0.0043750000186264515
0.135604000184685
0.09554999973624945
0.03135400032624602
0.0295590003952384
0.017539000138640404
0.004668999928981066
0.01435100007802248
0.012273000087589025
0.00508299982175231
0.24255300033837557
0.21618099976330996
0.22652000002563
0.08365999953821301
0.053983999881893396
0.21712699998170137
0.07281399983912706
0.021341999992728233
0.08374599972739816
0.008460999932140112
0.03565899981185794
0.061701999977231026
0.03470700001344085
0.08640799997374415
0.026188000105321407
0.03380899969488382
0.11873000022023916
0.1542579997330904
0.23504699999466538
0.30748700024560094
0.09194900002330542
0.1570600001141429
0.024741000030189753
0.060271000023931265
0.12003300013020635
0.14361399970948696
0.11129199992865324
0.037268000189214945
0.0020860000513494015
0.05573899997398257
0.15713099995628
0.12950100004673004
0.0068789999932050705
0.05516700027510524
0.005886000115424395
0.023496999870985746
0.0801880001090467
0.27165000000968575
0.26242499984800816
0.11807099962607026
0.0006590001285076141
0.11120699997991323
0.21327799977734685
0.12919800030067563
0.11277400003746152
0.022886999882757664
0.008421000093221664
0.027141000144183636
0.23141100024804473
0.1923099998384714
0.15558300027623773
0.0983369997702539
0.04756100010126829
0.032708000391721725
0.01169500034302473
0.039645000360906124
0.1083309999667108
0.2486759996972978
0.2380240000784397
0.08240800024941564
0.23913599969819188
0.15639400016516447
0.060372999869287014
0.07043000031262636
0.014620000030845404
0.04748599976301193
0.08750999998301268
0.13780200015753508
0.2303430000320077
0.304538999684155
0.16831599967554212
0.004145999904721975
0.01633299980312586
0.009771000128239393
0.07565500028431416
0.1005009999498725
0.043566999956965446
0.07190999994054437
0.020969000179320574
0.039147000294178724
0.008628999814391136
0.040856999810785055
0.22681799996644258
0.14845799980685115
0.0841120001859963
0.0817370000295341
0.07213000021874905
0.0025869999080896378
0.07638300023972988
0.013030000030994415
0.12527499999850988
0.18154000025242567
0.09164700005203485
0.050106000155210495
0.009068999905139208
0.02634900016710162
0.028366999700665474
0.24486400000751019
0.058997000101953745
0.22959999972954392
0.029159000143408775
0.0862759998999536
0.022166999988257885
0.08279700018465519
0.1397939999587834
0.002499000169336796
0.0801880001090467
0.1241669999435544
0.0067519997246563435
0.015893999952822924
0.0372510002925992
0.039733999874442816
0.008927999995648861
0.16973699955269694
0.08038499997928739
0.11550500011071563
0.038157999981194735
0.026567000430077314
0.005969000048935413
0.04725199984386563
0.09370799968019128
0.053241999819874763
0.021250999998301268
0.07171700010076165
0.0123390001244843
0.05459300009533763
0.01789500005543232
0.012006999924778938
0.01708099991083145
0.19260399974882603
0.32968899980187416
0.3414440001361072
0.08245000010356307
0.15855800034478307
0.16467700013890862
0.5638129999861121
0.5976149998605251
0.5525409998372197
0.4994859998114407
0.017994000110775232
0.014097000006586313
0.032703999895602465
0.06345500005409122
Total sum of second timestamps: 57.568760006688535
