0.04185699997469783
0.1335550001822412
0.018426000140607357
0.12191899958997965
0.10754300002008677
0.12505999999120831
0.06009900011122227
0.2066750000230968
0.1053570001386106
0.07789799990132451
0.0705449995584786
0.20313700009137392
0.21631500031799078
0.19183300016447902
0.1845490001142025
0.1523369997739792
0.037722999695688486
0.062005000188946724
0.30037300009280443
0.2872649999335408
0.3404979999177158
0.3759820000268519
0.30997199984267354
0.4528200002387166
0.3715829998254776
0.3646180001087487
0.3060080003924668
0.2990709999576211
0.0017760000191628933
0.005530000198632479
0.29408100014552474
0.3982580001465976
0.0647419998422265
0.12173100002110004
0.11947999987751245
0.00343000004068017
0.2239020001143217
0.21514899982139468
0.11188300000503659
0.08140800008550286
0.015199000015854836
0.17682800022885203
0.09424699982628226
0.18660899996757507
0.2313160002231598
0.21907200012356043
0.16316100023686886
0.21478799963369966
0.23949600011110306
0.33941900031641126
0.1291330000385642
0.2106840000487864
0.17752399994060397
0.19270299980416894
0.02756799990311265
0.030691999942064285
0.021441999822854996
0.027015999890863895
0.04496300034224987
0.19782799994572997
0.1718910001218319
0.26920400001108646
0.36017500003799796
0.040350000374019146
0.03841899987310171
0.022102999966591597
0.02343000005930662
0.10985099989920855
0.20823200000450015
0.29531800001859665
0.5092879999428988
0.5552340000867844
0.5673190001398325
0.6384860002435744
0.60408900026232
0.5091740000061691
0.3172200000844896
0.30438000010326505
0.1765789999626577
0.3048450001515448
0.2984879999421537
0.1424540001899004
0.15083299996331334
0.011270000133663416
0.004736999981105328
0.006357999984174967
0.2138370000757277
0.22958400007337332
0.0907779997214675
0.19792099995538592
0.06708700023591518
0.05030399980023503
0.008830000180751085
0.11807399988174438
0.4048479995690286
0.5073669999837875
0.4179650000296533
0.2572470000013709
0.46631200006231666
0.25625000009313226
0.11357499985024333
0.342594999819994
0.057382999919354916
0.14774199994280934
0.1186019997112453
0.023838999681174755
0.021761999931186438
0.03183100000023842
0.02201800001785159
0.08362600021064281
0.15597500000149012
0.40173299983143806
0.3246089997701347
0.26891699992120266
0.0896629998460412
0.05003299983218312
0.1569020003080368
0.07517399964854121
0.07612999994307756
0.022273999638855457
0.05505400011315942
0.030389000196009874
0.016871000174432993
0.0035600000992417336
0.09930199990049005
0.08466399973258376
0.017084000166505575
0.08228900004178286
0.03324600029736757
0.018902999814599752
0.09628699999302626
0.02486300002783537
0.007722000125795603
0.17496800003573298
0.12281999969854951
0.03747200034558773
0.0888370000757277
0.02847599983215332
0.028427999932318926
0.017628000117838383
0.00032400013878941536
0.033642000053077936
0.04787599993869662
0.2155510000884533
0.10016399994492531
0.09654599986970425
0.19475999986752868
0.30459799990057945
0.019044000189751387
0.06625999975949526
0.19617599993944168
0.29822500003501773
0.07161499978974462
0.026763999834656715
0.056576000060886145
0.15759800001978874
0.06166600016877055
0.09612299967557192
0.06881200009956956
0.05658400012180209
0.10743300011381507
0.020992999896407127
0.010844999924302101
0.037324999924749136
0.2314649997279048
0.234011999797076
0.14211500016972423
0.03406900027766824
0.08969700010493398
0.025040000211447477
0.00635500019416213
0.08691099984571338
0.09243099996820092
0.010011000093072653
0.22721000015735626
0.14143399987369776
0.11962600005790591
0.014353000093251467
0.08196600014343858
0.01949700014665723
0.046361000277101994
0.041866999585181475
0.03295499971136451
0.08489799965173006
0.034481999929994345
0.012277999892830849
0.0005489997565746307
0.12416099989786744
0.010226000100374222
0.10645199986174703
0.04976899968460202
0.1422469997778535
0.053598999977111816
0.014453999698162079
0.04030400002375245
0.1085330001078546
0.04846599977463484
0.0046709999442100525
0.126589999999851
0.05290499981492758
0.0743019999936223
0.11184300016611814
0.037514999974519014
0.18305200012400746
0.12600199971348047
0.06224200036376715
0.0756419999524951
0.14765299996361136
0.10310500022023916
0.10406399983912706
0.021370999980717897
0.02872100006788969
0.17558400006964803
0.2277819998562336
0.14647100027650595
0.12559500010684133
0.21677299961447716
0.04090300016105175
0.07906199991703033
0.12849200004711747
0.2111680000089109
0.042805000208318233
0.04750100011005998
0.040685000363737345
0.01407900033518672
0.001304000150412321
0.04022299963980913
0.11150099989026785
0.1260229996405542
0.27573399990797043
0.2533019999973476
0.05279499990865588
0.0005830000154674053
0.1548639996908605
0.08836499974131584
0.04273799993097782
0.10581899993121624
0.110277000349015
0.0028769997879862785
0.09653099998831749
0.16380500001832843
0.1921629998832941
0.0005689999088644981
0.025624999776482582
0.16247400036081672
0.03487400012090802
0.1760929999873042
0.03138400008901954
0.01725299982354045
0.05842400016263127
0.11806799983605742
0.01775600016117096
0.10211499966681004
0.06783600011840463
0.22469300031661987
0.21769999992102385
0.3903979999013245
0.2970750001259148
0.29464099975302815
0.07530499994754791
0.44675999972969294
0.26533899968490005
0.07420199969783425
0.11878200015053153
0.1320980000309646
0.07736600004136562
0.031618000008165836
0.16701100021600723
0.09106400003656745
0.07896899990737438
0.08651599986478686
0.01345600001513958
0.0028719999827444553
0.060920000076293945
0.060379999689757824
0.05615699989721179
0.03640099987387657
0.04053799994289875
0.05021800007671118
0.04448199970647693
0.05690600024536252
0.10552800027653575
0.24170499993488193
0.12050200020894408
0.4443940003402531
0.3210530001670122
0.38474399968981743
0.2006700001657009
0.3645290001295507
0.21733800042420626
0.1584939998574555
0.2908950001001358
0.12142100045457482
0.06420099968090653
0.05417599994689226
0.057016000151634216
0.28504900028929114
0.0511179999448359
0.13170699961483479
0.024896000046283007
0.27596599981188774
0.04298699973151088
0.06745800003409386
0.01774400006979704
0.03727900004014373
0.20700599998235703
0.07780299987643957
0.040175000205636024
0.018567999824881554
0.07492299983277917
0.07568599982187152
0.06865399982780218
0.07968399999663234
0.03518899995833635
0.2457890002988279
0.36669000005349517
0.40831200033426285
0.049589000176638365
0.1437440002337098
0.290973000228405
0.11607400001958013
0.1202909997664392
0.11481699999421835
0.026645999867469072
0.010943999979645014
0.08141900040209293
0.21542199980467558
0.027713000308722258
0.01897800015285611
0.016228999942541122
0.0215960000641644
0.001238000113517046
0.010747999884188175
0.08722299989312887
0.008933000266551971
0.0061889998614788055
0.05727200023829937
0.028990000020712614
0.20299699995666742
0.1646739998832345
0.04718300001695752
0.15677900006994605
0.5167139996774495
0.4903690000064671
0.573445999994874
0.5616589998826385
0.40771100018173456
0.004361999686807394
0.13559999968856573
0.0955260000191629
0.03135199984535575
0.029563999734818935
0.01749200001358986
0.004673999734222889
0.014355999883264303
0.012271000072360039
0.005070000421255827
0.2425669999793172
0.21617500018328428
0.2294000000692904
0.1181940003298223
0.05398500012233853
0.21714100008830428
0.0728150000795722
0.021340999752283096
0.08375000022351742
0.02380300033837557
0.03565899981185794
0.06169900018721819
0.046221999917179346
0.086408999748528
0.026190000120550394
0.033807999920099974
0.11874099960550666
0.16634100023657084
0.2620569998398423
0.33531299978494644
0.09194700000807643
0.17137600015848875
0.046386000234633684
0.06026699999347329
0.1238300004042685
0.14359600003808737
0.11129399994388223
0.03727000020444393
0.0020909998565912247
0.055737999733537436
0.15738300001248717
0.14708299981430173
0.0068709999322891235
0.05516200000420213
0.01647699996829033
0.02348199998959899
0.08458099979907274
0.2716470002196729
0.26729699969291687
0.11806500004604459
0.0006560003384947777
0.11121399980038404
0.21327200019732118
0.1291950000450015
0.11784399999305606
0.022874000016599894
0.008413000032305717
0.0271399999037385
0.23140899976715446
0.20182800013571978
0.15558400005102158
0.09835000010207295
0.06226899987086654
0.03270599991083145
0.01168300025165081
0.03964300034567714
0.11256599985063076
0.26027499977499247
0.25570099987089634
0.1437550000846386
0.2391229998320341
0.17510099988430738
0.06036400003358722
0.07237099995836616
0.014618999790400267
0.04746800009161234
0.08750700019299984
0.13807199988514185
0.2373580001294613
0.3159509999677539
0.17589900037273765
0.004129000008106232
0.016333000268787146
0.00976100005209446
0.07565299980342388
0.10049699991941452
0.043568000197410583
0.0719059999100864
0.0209650001488626
0.03913900023326278
0.0086579998023808
0.040913000237196684
0.22683099983260036
0.14845799980685115
0.08410899993032217
0.08173299999907613
0.07213000021874905
0.002568999771028757
0.0763829997740686
0.01297799963504076
0.12528999987989664
0.19245699979364872
0.09163699997588992
0.06026399973779917
0.009059000294655561
0.02634499967098236
0.02834999980404973
0.24486400000751019
0.08941000001505017
0.2687550000846386
0.02915599988773465
0.08627199986949563
0.022164999973028898
0.0827879998832941
0.1397919999435544
0.002487999852746725
0.08018799964338541
0.12418600032106042
0.0067349998280406
0.015884000342339277
0.03724099975079298
0.039733000099658966
0.008933000266551971
0.16974500007927418
0.10009800037369132
0.11550399987027049
0.038152999710291624
0.02655299985781312
0.00596599979326129
0.04724099999293685
0.09370300034061074
0.053252000361680984
0.021253000013530254
0.07171700010076165
0.026461000088602304
0.05459199985489249
0.01789400028064847
0.012003999669104815
0.017083000391721725
0.19259800016880035
0.32982599968090653
0.3586180000565946
0.1521840002387762
0.2379390001296997
0.16467799991369247
0.5698099997825921
0.6152229998260736
0.6085540000349283
0.5868489998392761
0.1590430000796914
0.06912099989131093
0.03268699999898672
0.06345900008454919
Total sum of second timestamps: 64.32892299816012
