0.04186199977993965
0.13355599995702505
0.01843099994584918
0.12191900005564094
0.1211379999294877
0.14947900036349893
0.10134899988770485
0.23232399998232722
0.10537600005045533
0.0779140000231564
0.07565100025385618
0.20879200007766485
0.22689000004902482
0.20808100001886487
0.2054289998486638
0.15233599999919534
0.06169799994677305
0.06198900006711483
0.3003770001232624
0.30994700035080314
0.3747149999253452
0.4351360001601279
0.38616500003263354
0.5401170002296567
0.5138429999351501
0.5092910001985729
0.47556200018152595
0.4757419996894896
0.10919500002637506
0.10357300005853176
0.2955789999105036
0.40882099978625774
0.0860049999319017
0.15332499984651804
0.16675199987366796
0.05033600004389882
0.2238950002938509
0.2343270001001656
0.111865000333637
0.09253899985924363
0.015201000031083822
0.17681699991226196
0.11356900027021766
0.18661099998280406
0.2399860001169145
0.24212100030854344
0.163141000084579
0.2147940001450479
0.25880800001323223
0.3756719999946654
0.2038110001012683
0.3046340001747012
0.17750500002875924
0.1980099999345839
0.054728999733924866
0.030691999942064285
0.02143999980762601
0.027011000085622072
0.044981000013649464
0.19783500023186207
0.17809299984946847
0.279035999905318
0.3928120001219213
0.0403439998626709
0.03840600000694394
0.02210199972614646
0.023429999593645334
0.10985499992966652
0.21374600008130074
0.3053010003641248
0.525245999917388
0.5737739996984601
0.58765699993819
0.6652869996614754
0.6841739998199046
0.6248820000328124
0.46693400014191866
0.4573659999296069
0.35405000019818544
0.48472299985587597
0.4989970000460744
0.3713560001924634
0.38151399977505207
0.011264000087976456
0.004734999965876341
0.006357999984174967
0.21382400020956993
0.22970900032669306
0.12094500008970499
0.2340239998884499
0.06707899970933795
0.05029999976977706
0.008849999867379665
0.11807999992743134
0.4048480000346899
0.5194279998540878
0.4586510001681745
0.3438510000705719
0.5541149997152388
0.40375699987635016
0.17296000011265278
0.34260200010612607
0.057383999694138765
0.1477429997175932
0.12457599956542253
0.02383599989116192
0.021763999946415424
0.03184700012207031
0.02201100019738078
0.08362199971452355
0.15854299999773502
0.41273900028318167
0.3594410000368953
0.31469999998807907
0.1777910003438592
0.12147000012919307
0.1569110001437366
0.0888600000180304
0.07611599983647466
0.027815999928861856
0.05505300033837557
0.030387999955564737
0.016870999708771706
0.0035600000992417336
0.09924799995496869
0.09477800037711859
0.017099999822676182
0.08228900004178286
0.03324899962171912
0.018906000070273876
0.09627699991688132
0.02486399980261922
0.007728000171482563
0.17497400008141994
0.13288399996235967
0.037490999791771173
0.09278999967500567
0.02847500005736947
0.028429000172764063
0.01761199999600649
0.0003779996186494827
0.03364500030875206
0.047880999743938446
0.22250699996948242
0.10016799997538328
0.09654900012537837
0.199068000074476
0.3250460000708699
0.0190420001745224
0.06626300001516938
0.19617300014942884
0.3099849997088313
0.07161400001496077
0.026750000193715096
0.056575000286102295
0.1575970002450049
0.08243100019171834
0.09612100012600422
0.07543900003656745
0.056588000152260065
0.10745300026610494
0.020994000136852264
0.010846999939531088
0.037330000195652246
0.2364310002885759
0.25206900015473366
0.14211599994450808
0.03406900027766824
0.08968900004401803
0.031094999983906746
0.00635599996894598
0.08689700020477176
0.09622199973091483
0.028867000248283148
0.22720899991691113
0.16001700004562736
0.13355999998748302
0.014337999746203423
0.08195899985730648
0.01949599990621209
0.04636499984189868
0.0418699998408556
0.03295799996703863
0.08490699995309114
0.03448399994522333
0.012267000041902065
0.0005380003713071346
0.12415899988263845
0.010236999951303005
0.10646700020879507
0.0497639998793602
0.14392399974167347
0.053599999751895666
0.022348999977111816
0.040314999874681234
0.11203699978068471
0.06393999978899956
0.004658999852836132
0.12658199993893504
0.07329299999400973
0.07429999997839332
0.1160690002143383
0.037514999974519014
0.1830569999292493
0.1381009998731315
0.0923729999922216
0.07564400043338537
0.14765099994838238
0.11197399999946356
0.11535699991509318
0.021370999980717897
0.028716000262647867
0.17557800002396107
0.24250599974766374
0.17526100017130375
0.12559300009161234
0.22669699974358082
0.08360999962314963
0.10120199993252754
0.15798299992457032
0.24453300004824996
0.042824000120162964
0.05299499956890941
0.0407019997946918
0.014081000350415707
0.0013020001351833344
0.04021599981933832
0.11150399968028069
0.13817400019615889
0.29794299975037575
0.30229899985715747
0.14040399994701147
0.0005920003168284893
0.15486700041219592
0.11374399997293949
0.04274399997666478
0.10582400020211935
0.1252709999680519
0.0028689997270703316
0.0965360002592206
0.1659999997355044
0.20128400018438697
0.0009309998713433743
0.02601199969649315
0.16247399989515543
0.03488600021228194
0.1775819999165833
0.03139400016516447
0.017256000079214573
0.058428999967873096
0.12376899970695376
0.017764000222086906
0.10212100017815828
0.08456599991768599
0.22469900036230683
0.21848100004717708
0.4000240000896156
0.333424000069499
0.3537269998341799
0.07529400009661913
0.4467549999244511
0.30102299991995096
0.07422200031578541
0.11878699995577335
0.1321000000461936
0.07735199993476272
0.04176500020548701
0.167000999674201
0.0910649998113513
0.07896899990737438
0.08651600033044815
0.01346200006082654
0.002873999997973442
0.06092400010675192
0.0603820001706481
0.056160000152885914
0.04038700042292476
0.04053999995812774
0.050220000091940165
0.044482000172138214
0.062092000152915716
0.12017000000923872
0.2569320001639426
0.1641529998742044
0.46282200003042817
0.3611050001345575
0.426812999881804
0.27686799969524145
0.44911899976432323
0.33509099995717406
0.27031200006604195
0.4219530001282692
0.12147400015965104
0.06420200038701296
0.054179999977350235
0.06526399962604046
0.285050000064075
0.051122999750077724
0.1384820002131164
0.024905999656766653
0.27595899999141693
0.07988699991255999
0.08004999998956919
0.017742999829351902
0.03727999981492758
0.207007999997586
0.10791599983349442
0.07817199965938926
0.01856800029054284
0.07492899987846613
0.07567400019615889
0.06865699961781502
0.08171000005677342
0.03518699994310737
0.2464270000346005
0.3676310000009835
0.43991499999538064
0.1257460000924766
0.2262309999205172
0.39575500041246414
0.2548210001550615
0.264663000125438
0.11481699999421835
0.026645999867469072
0.010950000025331974
0.08141400013118982
0.21542199980467558
0.031694000121206045
0.01897899992763996
0.01623000018298626
0.021600999869406223
0.0011729998514056206
0.010745999868959188
0.08722099987789989
0.008935000281780958
0.006193000357598066
0.0571970003657043
0.028988000005483627
0.2029900001361966
0.17399400006979704
0.081925000064075
0.19269799999892712
0.5167149999178946
0.5050579998642206
0.589347000233829
0.5850360002368689
0.4711990002542734
0.10859999991953373
0.17449000012129545
0.0955329998396337
0.031353999860584736
0.029559999704360962
0.01754199992865324
0.004666000138968229
0.01436399994418025
0.012270999606698751
0.005059000104665756
0.2425489998422563
0.2161780004389584
0.23132399981841445
0.14122000010684133
0.053984999656677246
0.2171299997717142
0.07281599985435605
0.021342999767512083
0.08374099992215633
0.03401899989694357
0.03566200006753206
0.061702999752014875
0.053902000188827515
0.08640699973329902
0.02619399968534708
0.03381099971011281
0.11872899997979403
0.17437799973413348
0.2800480001606047
0.35384800005704165
0.1268360000103712
0.21918800007551908
0.11914100032299757
0.13134100008755922
0.19743500044569373
0.14359600003808737
0.12861800007522106
0.037263999693095684
0.002090000081807375
0.055742000229656696
0.1575560001656413
0.15880700014531612
0.006898999679833651
0.05515699973329902
0.02353799995034933
0.02348800003528595
0.08752700034528971
0.2716459999792278
0.2705430001951754
0.11806500004604459
0.010958000086247921
0.11121000023558736
0.21327299997210503
0.12920000031590462
0.12122199963778257
0.0228899996727705
0.008396999910473824
0.027137000113725662
0.23141099978238344
0.20817100023850799
0.15558299981057644
0.09834600007161498
0.07618700014427304
0.03270100010558963
0.011692999862134457
0.03964899992570281
0.11539599997922778
0.2680160002782941
0.267495000269264
0.18466300005093217
0.23977999994531274
0.1882390002720058
0.060372000094503164
0.07368100015446544
0.014620000030845404
0.04747499991208315
0.08750699972733855
0.13825300009921193
0.24203599989414215
0.32355999993160367
0.23489199997857213
0.004117999691516161
0.01632399996742606
0.009740999899804592
0.075656000059098
0.10050000017508864
0.04357099998742342
0.07190799992531538
0.020911000203341246
0.03914500027894974
0.008634000085294247
0.04091099975630641
0.22681899974122643
0.14845400024205446
0.08411499997600913
0.08173600025475025
0.07213300000876188
0.002580000087618828
0.07638699980452657
0.013027000240981579
0.12527600023895502
0.19971100008115172
0.09163599973544478
0.06704199966043234
0.013459000270813704
0.0263370000757277
0.028352000284940004
0.24486400000751019
0.12513899989426136
0.31284999987110496
0.0907370001077652
0.15138200018554926
0.03626299975439906
0.0827950001694262
0.13979599997401237
0.0024939998984336853
0.08018900034949183
0.12417099997401237
0.006732999812811613
0.015880000311881304
0.03724100021645427
0.04403800005093217
0.008917999919503927
0.16973999980837107
0.1132280002348125
0.11550700012594461
0.03817299986258149
0.02655299985781312
0.005967000033706427
0.04722600011155009
0.09370099985972047
0.05322699993848801
0.021253999788314104
0.07173199998214841
0.035888999700546265
0.05459600035101175
0.017893000040203333
0.012005999684333801
0.017091999761760235
0.19260399974882603
0.3299259999766946
0.37007699999958277
0.19868600042536855
0.29086599964648485
0.16467799991369247
0.5738019999116659
0.6269499999471009
0.6458839997649193
0.6450819997116923
0.2915649996139109
0.21896500000730157
0.03270400036126375
0.06343899993225932
Total sum of second timestamps: 72.60103300074115
