0.04186300002038479
0.13355999998748302
0.018414000049233437
0.12191500002518296
0.13087100023403764
0.16698399977758527
0.13430400006473064
0.27608099998906255
0.10535399988293648
0.0778929996304214
0.07926400005817413
0.21279600029811263
0.2344089997932315
0.21966599998995662
0.22032400034368038
0.15233199996873736
0.07882199995219707
0.061986000277101994
0.30037599988281727
0.32614600006490946
0.3991539999842644
0.47738600010052323
0.4405700000934303
0.6024520001374185
0.6154350000433624
0.6126040001399815
0.5966520002111793
0.6019159997813404
0.28797499975189567
0.2839299999177456
0.4905070001259446
0.6102330000139773
0.34277100022882223
0.41747700003907084
0.4421009998768568
0.34279200015589595
0.45825899997726083
0.48239299980923533
0.21262399991974235
0.20125900022685528
0.07044099969789386
0.17681499989703298
0.12737599993124604
0.18660900043323636
0.24617400020360947
0.2585779996588826
0.16313300002366304
0.22486899979412556
0.2826629998162389
0.41162799997255206
0.267212999984622
0.38372100004926324
0.1775059998035431
0.201815000269562
0.08293099980801344
0.0306899999268353
0.0214329999871552
0.027029999997466803
0.04496299987658858
0.1978309997357428
0.18251299997791648
0.28604899998754263
0.4161109998822212
0.04033599980175495
0.03840199997648597
0.022122000344097614
0.023426000028848648
0.1098500001244247
0.21767699997872114
0.3124259999021888
0.5366369998082519
0.5870080003514886
0.6021750001236796
0.684417000040412
0.7413629996590316
0.7075180001556873
0.5738590001128614
0.5666260002180934
0.48079199995845556
0.6131930002011359
0.6421969998627901
0.5348350000567734
0.5462640002369881
0.011294000316411257
0.00472299987450242
0.006357999984174967
0.21382000017911196
0.22980699967592955
0.14249899983406067
0.2598209995776415
0.0670779999345541
0.053739000111818314
0.008824999909847975
0.11806500004604459
0.4147359998896718
0.537953999824822
0.49766299966722727
0.4156630001962185
0.6267860000953078
0.5190769997425377
0.3374620000831783
0.3425960000604391
0.06607200019061565
0.14774199994280934
0.12884000036865473
0.023831000085920095
0.02177800005301833
0.03182899998500943
0.022009000182151794
0.08362199971452355
0.16037499997764826
0.42059999983757734
0.38431600015610456
0.3473970000632107
0.2407340002246201
0.19959500012919307
0.1568899997510016
0.09859000006690621
0.09319599997252226
0.05496500013396144
0.05504500027745962
0.030389999970793724
0.01687399996444583
0.0035719997249543667
0.09931899979710579
0.10757300024852157
0.017099000047892332
0.08228799980133772
0.033245000056922436
0.01890400005504489
0.09627499990165234
0.02486200025305152
0.007724999915808439
0.17499200021848083
0.14008900010958314
0.03747299965471029
0.09557999996468425
0.028471999801695347
0.02843100018799305
0.017609999980777502
0.000376999843865633
0.03365800017490983
0.047879999969154596
0.22747100004926324
0.1001499998383224
0.09654999990016222
0.2021429999731481
0.3396519999951124
0.0190439997240901
0.06625999975949526
0.19617499969899654
0.3183860001154244
0.07161199999973178
0.026746000163257122
0.05787699995562434
0.15758499968796968
0.09725499991327524
0.09605700010433793
0.08010799996554852
0.056588000152260065
0.10743100009858608
0.020989999640733004
0.010844999924302101
0.03732799971476197
0.23996899975463748
0.2649570000357926
0.14210900012403727
0.03406900027766824
0.08968700002878904
0.0430290000513196
0.006360999774187803
0.08690499980002642
0.098942999728024
0.042345999740064144
0.22720800014212728
0.1732839997857809
0.16768399998545647
0.028353999834507704
0.08195999963209033
0.01949500013142824
0.04636400006711483
0.04186900006607175
0.03295300016179681
0.08490000013262033
0.03447900013998151
0.012267000041902065
0.0005529997870326042
0.12416000012308359
0.010224999859929085
0.10645199986174703
0.04976000031456351
0.14512099977582693
0.05360500002279878
0.02798800030723214
0.04030400002375245
0.11452400032430887
0.07498000003397465
0.004668000154197216
0.12658500019460917
0.08786800038069487
0.07429799996316433
0.11908700037747622
0.037514000199735165
0.1830569999292493
0.1467379997484386
0.11642699968069792
0.07565800007432699
0.14764999970793724
0.11830799980089068
0.12342200009152293
0.02137400023639202
0.028713000006973743
0.17558400006964803
0.25303500005975366
0.1958369999192655
0.1675999998115003
0.2757809995673597
0.15610500006005168
0.18246900010854006
0.2445040000602603
0.3338199998252094
0.1587720001116395
0.17426300002261996
0.16068900004029274
0.13717200001701713
0.029664999805390835
0.040200000163167715
0.1115019996650517
0.14684900036081672
0.31380000011995435
0.33729099994525313
0.20297499978914857
0.03250200022011995
0.1548589998856187
0.1318640001118183
0.04273799993097782
0.10582699999213219
0.1359779997728765
0.0028639999218285084
0.09653099998831749
0.16755800042301416
0.20778899965807796
0.036127000115811825
0.06123200012370944
0.17160600004717708
0.05422000028192997
0.20167100010439754
0.07575100008398294
0.017254000063985586
0.05842100037261844
0.12783099990338087
0.017752999905496836
0.10211200034245849
0.09650099975988269
0.22468999959528446
0.25045100040733814
0.438313000369817
0.39080099994316697
0.4273429997265339
0.10270400019362569
0.446753999684006
0.32651099981740117
0.07420400017872453
0.11877000005915761
0.13209700025618076
0.07735100015997887
0.04902399983257055
0.1669990001246333
0.09106600005179644
0.07896799966692924
0.0894379997625947
0.013441999908536673
0.0028710002079606056
0.060925000347197056
0.060384000185877085
0.05615600012242794
0.04322900017723441
0.04053999995812774
0.050213000271469355
0.04448000015690923
0.06578999990597367
0.13062599999830127
0.2678089998662472
0.1953300000168383
0.5148029997944832
0.42853800021111965
0.49568699998781085
0.37011499982327223
0.5483620003797114
0.45802100002765656
0.42512999987229705
0.5905160000547767
0.27613600017502904
0.06419800035655499
0.06031699990853667
0.07728799991309643
0.2850730000063777
0.05111900018528104
0.14331299997866154
0.02489499980583787
0.2759599997662008
0.11402700003236532
0.12379400013014674
0.023920999839901924
0.037280000280588865
0.2070049997419119
0.13317299960181117
0.10906399972736835
0.018565000034868717
0.07492200005799532
0.07567499997094274
0.06865599984303117
0.08315199986100197
0.035181999672204256
0.24687399994581938
0.3682950004003942
0.462480999995023
0.20026599988341331
0.3052739999257028
0.4907270004041493
0.37405099999159575
0.38791400007903576
0.19711299985647202
0.026645000092685223
0.010955000296235085
0.08142099995166063
0.21536700008437037
0.06183699984103441
0.05168000003322959
0.04170099971815944
0.021592000033706427
0.0034110001288354397
0.010749999899417162
0.08721500029787421
0.008930000010877848
0.006199999712407589
0.05725499987602234
0.028987000230699778
0.20298099983483553
0.18064599996432662
0.1084639998152852
0.22007700009271502
0.5167160001583397
0.515553000383079
0.6007060003466904
0.6017350000329316
0.5165470000356436
0.2063560001552105
0.2821930004283786
0.16973099997267127
0.03135000029578805
0.029563999734818935
0.017539999913424253
0.004650000017136335
0.01433800021186471
0.0122079998254776
0.005063999909907579
0.24255100032314658
0.21617599995806813
0.23269400000572205
0.1576609998010099
0.0852410001680255
0.2171249999664724
0.07281300006434321
0.021339000202715397
0.08373899990692735
0.04132199985906482
0.0356560000218451
0.06169799994677305
0.05937999999150634
0.08640699973329902
0.026190000120550394
0.033825000282377005
0.11872499994933605
0.18012299994006753
0.2929000002332032
0.36708700004965067
0.1856300001963973
0.28721500001847744
0.20498300017789006
0.22404199978336692
0.2919479999691248
0.1435920000076294
0.1466400003992021
0.03726600017398596
0.002088000066578388
0.05574000021442771
0.15767800016328692
0.1671800003387034
0.006868000142276287
0.05515500018373132
0.02858299994841218
0.023510000202804804
0.08964799996465445
0.27164699975401163
0.27286599995568395
0.11805999977514148
0.026335000060498714
0.11120699997991323
0.21328899962827563
0.14791599987074733
0.1423530001193285
0.022874000016599894
0.008399000391364098
0.027156000025570393
0.23141100024804473
0.21270000003278255
0.163824999704957
0.09835799969732761
0.08615999994799495
0.03263700008392334
0.01171599980443716
0.039683999959379435
0.11744900001212955
0.2735760002397001
0.27594800014048815
0.21390700014308095
0.2953010001219809
0.2526759998872876
0.10412300005555153
0.11835499992594123
0.06009300006553531
0.04746800009161234
0.08752100029960275
0.13839800003916025
0.24539799988269806
0.3290180000476539
0.2770529999397695
0.004106000065803528
0.016321999952197075
0.00974200014024973
0.07564799999818206
0.10593399964272976
0.043567999731749296
0.07190500013530254
0.020963000133633614
0.03913799999281764
0.008621999993920326
0.04090100014582276
0.22681499971076846
0.17870699986815453
0.08411000017076731
0.08173299999907613
0.07213000021874905
0.0025679999962449074
0.07637699972838163
0.013024999760091305
0.12527900002896786
0.20490500004962087
0.09163699997588992
0.07188399974256754
0.027244000229984522
0.026341000106185675
0.02835599984973669
0.24486300023272634
0.1506599998101592
0.3443439998663962
0.1581179997883737
0.2224099999293685
0.1268890001811087
0.08278300007805228
0.13979299971833825
0.002480999566614628
0.0801809998229146
0.12416999973356724
0.006739999633282423
0.01587700005620718
0.03724600002169609
0.048737999983131886
0.008927999995648861
0.16973800025880337
0.12260999996215105
0.11550100008025765
0.03815999999642372
0.026550000067800283
0.005987000185996294
0.04725300008431077
0.09369899984449148
0.05323800025507808
0.021250999998301268
0.07171599986031651
0.04259500000625849
0.05459199985489249
0.017885999754071236
0.012003999669104815
0.017082999926060438
0.19259699992835522
0.3299859999679029
0.37824800005182624
0.23188399989157915
0.32865799963474274
0.1646739998832345
0.5766549999825656
0.6353379995562136
0.6725599998608232
0.686686999630183
0.3862330000847578
0.3260030001401901
0.09860599972307682
0.06343600014224648
Total sum of second timestamps: 84.22396099986508
