0.041858999989926815
0.13358299992978573
0.01841700030490756
0.12191200023517013
0.13816099986433983
0.18008399987593293
0.15899399993941188
0.3088770001195371
0.10535799991339445
0.07791200000792742
0.08201300026848912
0.21583699993789196
0.24008499970659614
0.22838399978354573
0.2315249997191131
0.1523420000448823
0.0916780000552535
0.0620019999332726
0.30038300016894937
0.3383039999753237
0.41749299969524145
0.509083999786526
0.4814149998128414
0.6492479997687042
0.6916749998927116
0.6901320000179112
0.6875100000761449
0.6965850000269711
0.42209600005298853
0.41923499992117286
0.6367390002124012
0.7613229998387396
0.5353769999928772
0.6156210000626743
0.6486430000513792
0.5621650000102818
0.6911769998259842
0.7255899999290705
0.5035170000046492
0.49812399968504906
0.38554600020870566
0.41674899961799383
0.377664000261575
0.34329000022262335
0.40749499993398786
0.4276050003245473
0.19888100028038025
0.2797349998727441
0.34786799969151616
0.4859079997986555
0.3620779998600483
0.49034700030460954
0.29267700016498566
0.31983500020578504
0.2192480000667274
0.12904699984937906
0.021422999911010265
0.027022999711334705
0.045963000040501356
0.19783300021663308
0.18583700014278293
0.291317000053823
0.4335940000601113
0.04034199984744191
0.038403999991714954
0.022104999981820583
0.02343099983409047
0.1098569999448955
0.22063799994066358
0.3177849999628961
0.5452089998871088
0.5969659998081625
0.6130980001762509
0.6988039999268949
0.7842949996702373
0.7695340001955628
0.6540900003165007
0.6486120000481606
0.5758929997682571
0.7095869998447597
0.7496609999798238
0.6575270001776516
0.6699089999310672
0.011261999607086182
0.004718999844044447
0.006363000255078077
0.21382499998435378
0.2298820000141859
0.1586640002205968
0.2791619999334216
0.06707899970933795
0.06168500008061528
0.008826999925076962
0.11807700013741851
0.42826199997216463
0.5579559998586774
0.5330269997939467
0.4756269999779761
0.6873940001241863
0.6116690002381802
0.46694299997761846
0.34259200002998114
0.10779799986630678
0.14774300018325448
0.1320360000245273
0.023837000131607056
0.021762999705970287
0.03183199977502227
0.02201199997216463
0.08362199971452355
0.16175100021064281
0.4264969998039305
0.40297900000587106
0.37192799989134073
0.2879490000195801
0.25820000004023314
0.15689300000667572
0.10591799998655915
0.11070099985226989
0.08002100000157952
0.05504700029268861
0.030406999867409468
0.01687499973922968
0.0035729999653995037
0.09933699993416667
0.11713499994948506
0.017099000047892332
0.08228900004178286
0.03324700007215142
0.018907000310719013
0.09627800015732646
0.024861000012606382
0.0077229999005794525
0.17496999958530068
0.14545499999076128
0.03801299957558513
0.09822400007396936
0.028471000026911497
0.028427999932318926
0.017614000011235476
0.00038999971002340317
0.03364699985831976
0.04787700017914176
0.2311900001950562
0.10015100007876754
0.09654900012537837
0.20444800006225705
0.35060299979522824
0.01904100039973855
0.06626400025561452
0.1961739999242127
0.32468600012362003
0.0957279996946454
0.036221000365912914
0.07052300032228231
0.15758400037884712
0.1083789998665452
0.11878499994054437
0.10639300011098385
0.05659000016748905
0.10743200033903122
0.020988999865949154
0.010846999939531088
0.03732899995520711
0.2426289999857545
0.27463100012391806
0.1421119999140501
0.034072000067681074
0.08968999981880188
0.051986000034958124
0.006357999984174967
0.0868979999795556
0.10097499983385205
0.0524490000680089
0.22926799999549985
0.18529399996623397
0.19533600006252527
0.07520199986174703
0.08197400020435452
0.019493999890983105
0.046368000097572803
0.04186899960041046
0.03297200007364154
0.0849129999987781
0.034494999796152115
0.01228900020942092
0.0005540000274777412
0.12418100005015731
0.010224999859929085
0.10645500011742115
0.049777999985963106
0.14603800000622869
0.05360000021755695
0.03221900016069412
0.04030699981376529
0.11639899993315339
0.08326900005340576
0.004643999971449375
0.12657899968326092
0.09878899995237589
0.07429999997839332
0.12135299993678927
0.0507619995623827
0.1830569999292493
0.15321600018069148
0.13446199987083673
0.09241800010204315
0.14764299988746643
0.12305200006812811
0.12946199998259544
0.021379000041633844
0.02871500002220273
0.17557600000873208
0.2609190000221133
0.21125500043854117
0.2022369997575879
0.31573399994522333
0.213620999827981
0.24656299967318773
0.3125390000641346
0.4039300000295043
0.2561059999279678
0.2755889999680221
0.2687900001183152
0.2499629999510944
0.1560480003245175
0.09485300024971366
0.14648499991744757
0.18833400029689074
0.3606740003451705
0.3985170000232756
0.2848849999718368
0.1357829999178648
0.16079100035130978
0.15138699999079108
0.073617999907583
0.10581899993121624
0.14400199986994267
0.002875000238418579
0.09654100006446242
0.16874100035056472
0.2126849996857345
0.06254199985414743
0.0876690000295639
0.2045479998923838
0.10618899995461106
0.2572099999524653
0.1509450003504753
0.03570799995213747
0.058422000147402287
0.1308860001154244
0.017751000355929136
0.10213100025430322
0.10547000030055642
0.22469200007617474
0.27441699989140034
0.4670179998502135
0.4338189996778965
0.4825369999743998
0.20788099989295006
0.4467520001344383
0.34562599984928966
0.07643800042569637
0.11876899981871247
0.13209900027140975
0.0772990002296865
0.054413999896496534
0.16699699964374304
0.09106600005179644
0.07897599972784519
0.098942999728024
0.01345600001513958
0.002882000058889389
0.06092800013720989
0.060391999781131744
0.056172000244259834
0.04537500021979213
0.040541999973356724
0.05021800007671118
0.04448199970647693
0.06856399960815907
0.13846699986606836
0.27596600027754903
0.21871399972587824
0.5537940002977848
0.47911900002509356
0.5473469998687506
0.44005500013008714
0.6227969997562468
0.5502270003780723
0.5412499997764826
0.7169409999623895
0.4570329999551177
0.23447200004011393
0.23784399963915348
0.2592449998483062
0.285050000064075
0.06648399960249662
0.1622970001772046
0.02489400003105402
0.27596400026232004
0.13963499991223216
0.15659800032153726
0.07141599990427494
0.03727900004014373
0.20700599998235703
0.1521220002323389
0.13223799970000982
0.018561000004410744
0.07492200005799532
0.07567299995571375
0.0686519998125732
0.08423299994319677
0.03518300037831068
0.24721699999645352
0.368800999596715
0.47942399978637695
0.2561890003271401
0.36459699971601367
0.5619939998723567
0.46351699996739626
0.48039499996230006
0.32778899976983666
0.06724500004202127
0.010962000116705894
0.08142200019210577
0.2154199997894466
0.08453799970448017
0.07801700010895729
0.07130800001323223
0.021591000258922577
0.0058280001394450665
0.010753000155091286
0.08722800016403198
0.01863800035789609
0.006181000266224146
0.057250999845564365
0.029003999661654234
0.20298200007528067
0.18565000034868717
0.1283800001256168
0.24062200030311942
0.5470879999920726
0.5538049996830523
0.6396130002103746
0.6446529999375343
0.5809559999033809
0.3100769999437034
0.39337800024077296
0.3069029999896884
0.18822099966928363
0.02956000017002225
0.017570999916642904
0.004652000032365322
0.014362999703735113
0.01319700013846159
0.005059999879449606
0.24255199963226914
0.21616999991238117
0.23371599987149239
0.1699890000745654
0.11336200032383204
0.22060499992221594
0.0820490000769496
0.021341999992728233
0.08374299993738532
0.046802000142633915
0.03565999958664179
0.061696999706327915
0.06349400011822581
0.08635499980300665
0.026190000120550394
0.03382499981671572
0.11872699996456504
0.18443699972704053
0.3025480001233518
0.3770240000449121
0.22973399981856346
0.33824599999934435
0.2693789997138083
0.2935819998383522
0.36285000015050173
0.23066500015556812
0.2472210000269115
0.03727200021967292
0.002090000081807375
0.05574099998921156
0.1577670001424849
0.1734560001641512
0.006812999956309795
0.0551749998703599
0.03238500002771616
0.023489000275731087
0.09120200015604496
0.27164499973878264
0.2746040001511574
0.13997500017285347
0.059791000094264746
0.11123300017789006
0.21640000026673079
0.17533200001344085
0.17157599981874228
0.022871000226587057
0.008395999670028687
0.027141999918967485
0.2314100000075996
0.21620699996128678
0.19289199961349368
0.09835299989208579
0.09361300012096763
0.05001999996602535
0.01168400002643466
0.03965599974617362
0.11893499968573451
0.2776910001412034
0.28223099978640676
0.23578500002622604
0.336884000338614
0.30109399976208806
0.17865499993786216
0.19358900003135204
0.1444319998845458
0.11650000000372529
0.1578769995830953
0.208854999858886
0.3182640001177788
0.4034549999050796
0.37901700008660555
0.08173600025475025
0.08988999994471669
0.009742999915033579
0.07565400004386902
0.11470700008794665
0.0435660001821816
0.07190999994054437
0.02096599992364645
0.039142999798059464
0.00861999997869134
0.04090300016105175
0.2268389998935163
0.2032880000770092
0.08410899993032217
0.08173999981954694
0.07212799973785877
0.002568999771028757
0.07638199999928474
0.013030000030994415
0.12527599977329373
0.20879399962723255
0.09163299994543195
0.07551100011914968
0.037570000160485506
0.026341000106185675
0.028351000044494867
0.24531299993395805
0.1702499999664724
0.36841299990192056
0.20910200010985136
0.2761299996636808
0.1953070000745356
0.08278200030326843
0.1397939999587834
0.002499000169336796
0.08019099989905953
0.12418500008061528
0.00674099987372756
0.015887999907135963
0.03724699979647994
0.052263000048696995
0.008923000190407038
0.16972799971699715
0.12964100018143654
0.1281389999203384
0.03815599996596575
0.026548999827355146
0.00596400024369359
0.0472490000538528
0.0937109999358654
0.05323799978941679
0.02124999975785613
0.07170099997892976
0.04762900015339255
0.05735900020226836
0.017893000040203333
0.012010999955236912
0.017109999898821115
0.19260700000450015
0.33004699973389506
0.3843930000439286
0.25680400012061
0.3570199999958277
0.16467099962756038
0.5787939997389913
0.6416199998930097
0.6925570000894368
0.7178819999098778
0.45722399977967143
0.40627200016751885
0.21137499995529652
0.13476800033822656
Total sum of second timestamps: 98.88637699512765
