0.04185799974948168
0.13355900021269917
0.018408000003546476
0.1218630000948906
0.14378199959173799
0.1902240002527833
0.17814799956977367
0.3343340000137687
0.10536799998953938
0.07789500011131167
0.08411299996078014
0.2181649999693036
0.2444629999808967
0.23512899968773127
0.24020000034943223
0.15234099980443716
0.1016669999808073
0.06200099969282746
0.3003859999589622
0.34775600023567677
0.43174999998882413
0.5337330000475049
0.513158000074327
0.6856160000897944
0.7509439997375011
0.7504109996370971
0.7581589999608696
0.7701980001293123
0.5263949995860457
0.5244560004211962
0.7504579997621477
0.8788220002315938
0.6851729997433722
0.7697289995849133
0.8092860002070665
0.732791000045836
0.8723389999940991
0.9147479999810457
0.7297689998522401
0.7290219999849796
0.6306380000896752
0.678029999602586
0.6470920001156628
0.6372679998166859
0.7050850000232458
0.7311820001341403
0.545990000013262
0.6417189999483526
0.7178960000164807
0.8629940003156662
0.7551750000566244
0.8925939998589456
0.7366039999760687
0.7659799996763468
0.6796240000985563
0.602847000118345
0.4528950001113117
0.4140070001594722
0.435827000066638
0.543268000241369
0.5338619998656213
0.6408579996787012
0.7926369998604059
0.3680929997935891
0.2782670003362
0.14636099990457296
0.13101399969309568
0.1432109996676445
0.25628399988636374
0.35528899962082505
0.5851989998482168
0.6380320000462234
0.654914999846369
0.7433170001022518
0.8510070000775158
0.8510929998010397
0.7498189997859299
0.7457030001096427
0.6831869999878109
0.817888000048697
0.8665410000830889
0.7862189998850226
0.799343999940902
0.01127400016412139
0.00472999969497323
0.006353999953716993
0.21382200019434094
0.2299389997497201
0.1712369997985661
0.29420999996364117
0.089864999987185
0.09064500033855438
0.008820999879390001
0.11807399988174438
0.4387710001319647
0.5735030001960695
0.5605240003205836
0.522255000192672
0.7345259999856353
0.6836769999936223
0.5676400000229478
0.47859299974516034
0.27625099988654256
0.3017809996381402
0.2885590000078082
0.0681200004182756
0.021711000241339207
0.03184300009161234
0.02201899979263544
0.0836209999397397
0.16281899996101856
0.4310820000246167
0.4174940004013479
0.39100700011476874
0.32467499980702996
0.30378099996596575
0.15683600027114153
0.11155099980533123
0.1242519998922944
0.09945200011134148
0.05507100000977516
0.030396999791264534
0.01687399996444583
0.0035760002210736275
0.09932600008323789
0.12454599980264902
0.017035999801009893
0.08230199990794063
0.03325400035828352
0.01885299989953637
0.09628499997779727
0.024815000128000975
0.007738000247627497
0.17497699987143278
0.14965600008144975
0.058303999714553356
0.12015300011262298
0.05303400009870529
0.028429000172764063
0.017563000321388245
0.00037999963387846947
0.03364300029352307
0.04788500024005771
0.23409399995580316
0.10017699981108308
0.09657899988815188
0.20627199998125434
0.3591519999317825
0.05971799977123737
0.06626699957996607
0.19619600009173155
0.3296100003644824
0.13404199993237853
0.08410899993032217
0.12087500002235174
0.15759100019931793
0.11704199993982911
0.1369670000858605
0.1273360000923276
0.05658099986612797
0.10743399988859892
0.020998000167310238
0.0107829999178648
0.03733900003135204
0.2447059997357428
0.2821629997342825
0.15851100021973252
0.034072999842464924
0.08969200029969215
0.05895600002259016
0.006366000045090914
0.08690600004047155
0.1025690003298223
0.060320999938994646
0.2427300000563264
0.20649900007992983
0.22870999993756413
0.12351100007072091
0.1311360001564026
0.019505000207573175
0.04631100036203861
0.041871000081300735
0.032962999772280455
0.08666500030085444
0.03449200000613928
0.012277000118046999
0.0005700001493096352
0.12417999980971217
0.010238999966531992
0.10648000007495284
0.049771999940276146
0.14673399971798062
0.05361000029370189
0.03551800036802888
0.04031299985945225
0.1178609998896718
0.08971899980679154
0.004676999989897013
0.12652100017294288
0.1072269999422133
0.0742949997074902
0.1231089998036623
0.06451900023967028
0.1830549999140203
0.15825400035828352
0.14849499985575676
0.11952000018209219
0.15989300003275275
0.13899500016123056
0.14641200006008148
0.021377999801188707
0.028717999812215567
0.1755899996496737
0.2670699995942414
0.22326799994334579
0.2291979999281466
0.34683299995958805
0.2583800000138581
0.29643800016492605
0.3654790003784001
0.4584860000759363
0.331836000084877
0.35442599980160594
0.3528939997777343
0.33771600015461445
0.2543709999881685
0.20443599997088313
0.26271000038832426
0.30962299974635243
0.48615199979394674
0.5351559999398887
0.4376119999215007
0.30513300001621246
0.34456099988892674
0.3457319997251034
0.2813439997844398
0.3058789996430278
0.3503040000796318
0.17320499988272786
0.2512279995717108
0.32433800026774406
0.37116400012746453
0.2377549996599555
0.26289499970152974
0.3848310001194477
0.3012649999000132
0.45505999960005283
0.36408299999311566
0.2635600003413856
0.0815739999525249
0.1564079998061061
0.017752000130712986
0.10212200041860342
0.11244100006297231
0.22470399970188737
0.2931019999086857
0.4893910000100732
0.46733100013807416
0.5255249999463558
0.2897450001910329
0.5494539998471737
0.46319300029426813
0.23215200006961823
0.12040799995884299
0.1396039999090135
0.07729499973356724
0.058643000200390816
0.16700300015509129
0.09106400003656745
0.07897799974307418
0.10633300011977553
0.01876099966466427
0.002828999888151884
0.06094600027427077
0.06038699997588992
0.05616999976336956
0.04703899985179305
0.04053900018334389
0.050245999824255705
0.04449399979785085
0.07073900010436773
0.14458300033584237
0.28232300002127886
0.2369129997678101
0.5841369996778667
0.5184730002656579
0.5875419997610152
0.49447300005704165
0.6807169998064637
0.6219649999402463
0.6315880003385246
0.8152979998849332
0.5977590000256896
0.40705000003799796
0.4160619997419417
0.44088400015607476
0.39339799992740154
0.20478799985721707
0.30342300003394485
0.15989700006321073
0.2759669995866716
0.15955499978736043
0.18212200002744794
0.10837099980562925
0.03742800001055002
0.20700500020757318
0.16685699997469783
0.150261000264436
0.018579999916255474
0.07492600008845329
0.07567699998617172
0.06860500015318394
0.08502699993550777
0.03519200021401048
0.24748999997973442
0.3691989998333156
0.49258899968117476
0.2996490001678467
0.4106910000555217
0.6173769999295473
0.5330469999462366
0.552267000079155
0.4293630002066493
0.20071699982509017
0.1398220001719892
0.0814249999821186
0.21544900024309754
0.10217900015413761
0.09848299995064735
0.09431699989363551
0.02159099979326129
0.007710999809205532
0.010753999929875135
0.08721200004220009
0.027228000108152628
0.006200000178068876
0.05725800013169646
0.030573000200092793
0.20298099983483553
0.1895260000601411
0.1438540001399815
0.2565910001285374
0.5863979998975992
0.599220999982208
0.6855270001105964
0.6936769997701049
0.6466879998333752
0.40638200007379055
0.49548300029709935
0.42922199983149767
0.3272020001895726
0.09608200006186962
0.01754199992865324
0.004675999749451876
0.014289000071585178
0.014605000149458647
0.005060000345110893
0.24255200009793043
0.21616999991238117
0.23451599990949035
0.17957999976351857
0.13523299992084503
0.254676999989897
0.1395969996228814
0.07778900023549795
0.08376399986445904
0.05108299991115928
0.03566400008276105
0.061708000022917986
0.0667039998807013
0.09609999973326921
0.026190000120550394
0.03381199995055795
0.11873900005593896
0.18780399998649955
0.31005899980664253
0.3847639998421073
0.26404700009152293
0.3779460000805557
0.3194710002280772
0.34767299983650446
0.4179949997924268
0.31645300006493926
0.34353799978271127
0.03727099997922778
0.0021159998141229153
0.05567399971187115
0.15776799991726875
0.17827000003308058
0.006897999905049801
0.055164000019431114
0.03531800024211407
0.023490999825298786
0.09242899995297194
0.2716440004296601
0.2759560002014041
0.16939599998295307
0.09818099997937679
0.11121500004082918
0.22839800035580993
0.2062440002337098
0.20389800006523728
0.02288200007751584
0.008396999910473824
0.0271380003541708
0.23142299987375736
0.21875600004568696
0.21530000027269125
0.09828900033608079
0.09935299959033728
0.06422899989411235
0.011692999862134457
0.03965600021183491
0.12011400004848838
0.2809150000102818
0.2871449999511242
0.252832000143826
0.3692580000497401
0.33852399978786707
0.23637899989262223
0.251848999876529
0.2097640000283718
0.19019800005480647
0.23668699990957975
0.2877330002374947
0.39901599986478686
0.48542700009420514
0.48239800008013844
0.2185959997586906
0.22765100002288818
0.1541180000640452
0.07565499981865287
0.12153000012040138
0.05199600011110306
0.07191300019621849
0.020973999984562397
0.039148000068962574
0.008647999726235867
0.0409129997715354
0.22681899974122643
0.22237700037658215
0.09616000019013882
0.08173800026997924
0.07313699973747134
0.0025830003432929516
0.07639900036156178
0.013043999671936035
0.125278000254184
0.21182500012218952
0.09675600007176399
0.08345500007271767
0.05072900000959635
0.026345999911427498
0.028357000090181828
0.24839700013399124
0.18822299968451262
0.3898719996213913
0.2514900001697242
0.32064999965950847
0.2512640003114939
0.10432699974626303
0.13979300018399954
0.002503999974578619
0.08020600024610758
0.12419900018721819
0.006750999949872494
0.015884000342339277
0.03724899981170893
0.05500499997287989
0.008934999816119671
0.16974500007927418
0.13513100007548928
0.14662199979647994
0.038157999981194735
0.02655100030824542
0.005963999778032303
0.04726700019091368
0.09370699990540743
0.05326700024306774
0.021250999998301268
0.07173199998214841
0.05158099997788668
0.06628799997270107
0.017903000116348267
0.012019000016152859
0.017097000032663345
0.1926009999588132
0.3300819997675717
0.38916199980303645
0.2761739999987185
0.37907399982213974
0.1868050000630319
0.6025879997760057
0.6686470001004636
0.7302549998275936
0.7642900003120303
0.5345830000005662
0.49085199972614646
0.321233999915421
0.2601800002157688
Total sum of second timestamps: 125.11388599639758
